1.000000000000000056e-01
1.204999999999999960e-01
1.451708100000000112e-01
1.748465700000000067e-01
2.105216599999999993e-01
2.533784099999999984e-01
3.048182400000000181e-01
3.664956899999999851e-01
4.403547199999999773e-01
5.286653999999999520e-01
6.340582999999999636e-01
7.595518100000000494e-01
9.085653700000000388e-01
1.084907779999999988e+00
1.292725260000000098e+00
1.536387500000000017e+00
1.820282949999999955e+00
2.148486469999999926e+00
2.524256879999999814e+00
2.949323060000000218e+00
3.422934750000000026e+00
3.940705100000000183e+00
4.493379199999999685e+00
5.065847729999999771e+00
5.636976960000000147e+00
6.181030210000000302e+00
6.671312600000000259e+00
7.085771170000000119e+00
7.412643639999999756e+00
7.653108320000000298e+00
7.819115580000000065e+00
7.927856349999999885e+00
7.996325449999999613e+00
8.038268929999999202e+00
8.063505010000000084e+00
8.078518250000000123e+00
8.087388389999999205e+00
8.092607409999999390e+00
8.095670630000000756e+00
8.097465919999999429e+00
8.098517219999999739e+00
8.099132530000000330e+00
8.099492559999999841e+00
8.099703189999999609e+00
8.099826390000000487e+00
8.099898460000000355e+00
8.099940610000000873e+00
8.099965259999999390e+00
8.099979680000000570e+00
8.099988120000000791e+00
8.561975350000000873e+00
8.305146439999999686e+00
8.423710149999999786e+00
7.655734039999999574e+00
7.792201170000000232e+00
8.039958990000000583e+00
7.654039380000000392e+00
7.814828399999999675e+00
7.923286840000000275e+00
8.515642449999999641e+00
8.247987189999999913e+00
8.160467219999999244e+00
7.449641910000000422e+00
7.689013899999999957e+00
8.707303010000000398e+00
8.016840330000000847e+00
8.574785139999999473e+00
8.433909410000000051e+00
8.187263650000000226e+00
7.909340489999999946e+00
8.184754500000000377e+00
7.995853669999999802e+00
8.501467590000000740e+00
8.435511580000000009e+00
8.025885360000000190e+00
7.613614970000000426e+00
7.607988419999999863e+00
8.452785629999999273e+00
7.705245259999999874e+00
7.922349220000000081e+00
8.443319089999999250e+00
8.309010199999999458e+00
8.394124760000000407e+00
6.958879079999999995e+00
7.681799070000000285e+00
7.056814939999999758e+00
7.153841889999999815e+00
7.236887509999999857e+00
5.781196979999999819e+00
6.126898169999999588e+00
5.771093829999999869e+00
4.042431409999999836e+00
3.965639969999999792e+00
3.168497939999999957e+00
3.583692779999999800e+00
2.828248859999999976e+00
1.880296100000000026e+00
2.203312040000000138e+00
1.809014579999999928e+00
1.352590579999999987e+00
1.013244070000000052e+00
1.320166940000000011e+00
1.612093460000000089e+00
1.725758700000000090e+00
1.793772740000000088e+00
2.028522210000000214e+00
2.330830220000000175e+00
3.182433340000000221e+00
3.282177129999999998e+00
4.206763920000000212e+00
4.399315760000000353e+00
5.159382009999999852e+00
5.818227219999999811e+00
5.960181790000000035e+00
6.896296849999999701e+00
6.900349330000000059e+00
7.594354189999999782e+00
7.586534059999999968e+00
7.994113950000000024e+00
7.800905479999999947e+00
7.790298319999999777e+00
8.073258239999999475e+00
8.032492989999999722e+00
7.847923950000000204e+00
8.039849150000000222e+00
8.328171060000000736e+00
7.890833370000000180e+00
8.169605349999999433e+00
8.147100580000000036e+00
8.129998069999999188e+00
8.164329159999999419e+00
8.233347849999999468e+00
7.993987920000000358e+00
8.397126589999999169e+00
7.878689930000000174e+00
8.387537169999999875e+00
8.161275619999999620e+00
7.902940669999999557e+00
8.384793240000000480e+00
8.049510610000000455e+00
7.963903949999999732e+00
8.085390719999999476e+00
7.834019960000000005e+00
8.235567070000000101e+00
8.227302269999999140e+00
7.983935690000000029e+00
7.847184389999999787e+00
8.161980690000000038e+00
7.936138820000000038e+00
8.212018170000000339e+00
8.099999979999999766e+00
8.099999970000000715e+00
8.099999959999999888e+00
8.099999940000000009e+00
8.099999920000000131e+00
8.099999889999999425e+00
8.099999840000000617e+00
8.099999779999999205e+00
8.099999690000000641e+00
8.099999560000000542e+00
8.099999390000000687e+00
8.099999139999999542e+00
8.099998790000000781e+00
8.099998299999999318e+00
8.099997610000000847e+00
8.099996640000000525e+00
8.099995279999999909e+00
8.099993369999999970e+00
8.099990679999999443e+00
8.099986899999999324e+00
8.099981599999999560e+00
8.099974149999999540e+00
8.099963669999999283e+00
8.099948960000000753e+00
8.099928289999999365e+00
8.099899249999999995e+00
8.099858449999999266e+00
8.099801120000000410e+00
8.099720579999999615e+00
8.099607430000000718e+00
8.099448450000000577e+00
8.099225099999999955e+00
8.098911329999999964e+00
8.098470539999999218e+00
8.097851340000000064e+00
8.096981599999999446e+00
8.095760059999999925e+00
8.094044699999999537e+00
8.091636360000000749e+00
8.088256120000000493e+00
8.083513710000000074e+00
8.076864049999999295e+00
8.067547700000000432e+00
8.054510069999999189e+00
8.036293690000000822e+00
8.010897800000000402e+00
7.975601489999999849e+00
7.926753419999999828e+00
7.859544729999999646e+00
7.767808589999999569e+00
7.693741100000000444e+00
7.414530250000000322e+00
7.408496369999999942e+00
6.918345200000000084e+00
6.685346459999999880e+00
6.083847510000000014e+00
5.765974789999999572e+00
5.411327380000000353e+00
4.530784960000000083e+00
4.144368410000000225e+00
3.477463000000000193e+00
2.901887429999999934e+00
2.690886939999999949e+00
1.995208410000000043e+00
1.726080119999999996e+00
1.500974770000000014e+00
1.386883770000000071e+00
1.060537700000000028e+00
9.243208200000000430e-01
6.185244100000000245e-01
3.658398400000000272e-01
5.751968600000000320e-01
2.951147399999999865e-01
4.601497299999999790e-01
2.984793499999999766e-01
-1.881624000000000144e-02
2.703109399999999996e-01
1.155085099999999948e-01
2.184500299999999895e-01
1.286671400000000132e-01
5.473444000000000226e-02
9.750045999999999713e-02
-6.593997999999999526e-02
1.120499699999999987e-01
1.050645800000000046e-01
2.436088100000000090e-01
3.209127999999999981e-02
-3.341758000000000228e-02
2.477860799999999919e-01
2.200499700000000114e-01
2.884137399999999740e-01
3.410773000000000277e-02
2.411985000000000101e-01
1.326449399999999890e-01
1.369235500000000050e-01
3.808600000000000093e-04
1.501913699999999907e-01
1.407114700000000052e-01
2.626518800000000042e-01
2.033385000000000054e-01
2.865944200000000164e-01
1.869751400000000119e-01
2.362538200000000033e-01
3.898547099999999932e-01
4.405560399999999821e-01
1.931797899999999901e-01
3.157740900000000073e-01
-2.601006999999999972e-02
5.745925200000000510e-01
2.078809699999999983e-01
9.769404400000000210e-01
3.702608900000000092e-01
4.678364899999999937e-01
1.316924310000000098e+00
1.113126389999999910e+00
1.088366450000000096e+00
1.887986450000000094e+00
2.147846550000000132e+00
2.033451250000000154e+00
2.682555890000000165e+00
2.972209470000000131e+00
3.896806769999999975e+00
4.435621989999999570e+00
4.785661010000000104e+00
5.440176029999999940e+00
6.070839389999999725e+00
6.674199800000000238e+00
6.791318819999999867e+00
7.444686029999999732e+00
7.389586539999999815e+00
7.346592689999999592e+00
7.677836949999999661e+00
7.816331599999999824e+00
8.207659189999999327e+00
8.149576520000000102e+00
8.180312340000000404e+00
8.153142080000000291e+00
8.247105339999999174e+00
8.403871840000000759e+00
8.421850920000000684e+00
7.713265820000000161e+00
8.094247909999999990e+00
8.436419420000000002e+00
7.886876810000000404e+00
8.414661199999999397e+00
8.359155349999999984e+00
8.315868580000000065e+00
8.351390589999999392e+00
7.995887230000000123e+00
8.135404129999999512e+00
8.181763739999999174e+00
8.146839780000000530e+00
8.022611319999999324e+00
8.148364799999999519e+00
8.115048859999999920e+00
8.015372470000000860e+00
8.073015979999999203e+00
8.076371310000000747e+00
8.152052460000000167e+00
8.152271560000000861e+00
8.046730350000000698e+00
8.000592250000000405e+00
8.059145219999999554e+00
8.028711039999999244e+00
8.121512889999999985e+00
8.179870899999999168e+00
8.068993109999999191e+00
8.076471890000000542e+00
8.144705099999999476e+00
8.155515349999999941e+00
8.170707459999999145e+00
8.042851479999999498e+00
7.985007429999999573e+00
8.026885330000000707e+00
8.064362060000000554e+00
8.055198369999999386e+00
8.097198889999999594e+00
7.983936279999999996e+00
7.997929809999999584e+00
7.894865760000000066e+00
7.684747419999999885e+00
7.746766909999999839e+00
7.512386839999999566e+00
7.232995599999999747e+00
6.977602019999999960e+00
6.746308769999999733e+00
6.231646809999999981e+00
5.864992449999999913e+00
5.331799010000000116e+00
4.822353170000000411e+00
4.251691850000000272e+00
3.687066660000000162e+00
3.214945650000000210e+00
2.639827439999999914e+00
2.301655080000000186e+00
1.898777029999999977e+00
1.504049240000000065e+00
1.254584069999999940e+00
1.051580760000000003e+00
9.028833899999999524e-01
4.344784700000000055e-01
7.675880699999999557e-01
7.917413500000000104e-01
6.462943000000000160e-02
2.819645900000000149e-01
3.414433099999999999e-01
1.702527100000000015e-01
1.951519100000000118e-01
2.224590499999999915e-01
-3.289566000000000018e-02
3.617883199999999966e-01
-7.049410000000000398e-02
-2.815184399999999809e-01
-1.847813299999999936e-01
9.823906999999999778e-02
-1.470354899999999909e-01
3.178972800000000043e-01
-5.218914000000000192e-02
-2.390766300000000122e-01
-2.603161500000000239e-01
6.452558999999999378e-02
4.152695800000000270e-01
4.240653500000000076e-01
3.933453100000000036e-01
3.741534899999999775e-01
-2.660094700000000256e-01
-2.584724600000000150e-01
6.815216999999999803e-02
4.380004100000000067e-01
2.682340200000000174e-01
2.904269199999999773e-01
-1.505653399999999920e-01
6.979478999999999544e-02
8.024402999999999397e-02
2.924391700000000260e-01
-2.783278599999999825e-01
2.599880600000000208e-01
-1.609652900000000109e-01
-1.945387100000000036e-01
-2.540579299999999874e-01
2.692681499999999839e-01
4.428870500000000043e-01
4.640449500000000116e-01
-2.155329900000000076e-01
-5.787304000000000059e-02
3.323976000000000014e-02
3.778269100000000158e-01
-2.566741300000000003e-01
-1.473594199999999910e-01
1.546596500000000096e-01
1.139498199999999933e-01
1.215920199999999951e-01
1.413475200000000043e-01
3.200990599999999908e-01
-4.442090000000000101e-03
2.717641700000000271e-01
1.831289500000000126e-01
2.571400500000000089e-01
3.622707600000000250e-01
3.467866800000000138e-01
6.002867800000000198e-01
8.866889900000000102e-01
6.683063700000000384e-01
1.176878799999999892e+00
1.134623490000000068e+00
1.304893330000000073e+00
1.414059490000000086e+00
2.046013920000000041e+00
2.472398549999999862e+00
2.472996569999999839e+00
3.097033099999999983e+00
3.574155199999999866e+00
4.224942679999999839e+00
4.934973270000000412e+00
5.605863410000000435e+00
5.696689079999999628e+00
6.248364650000000076e+00
6.634995240000000294e+00
6.965962310000000102e+00
7.730015380000000214e+00
7.680299399999999999e+00
7.670004020000000367e+00
8.153807329999999354e+00
7.774490260000000319e+00
7.880144370000000009e+00
7.946966319999999584e+00
8.223165189999999569e+00
8.119615369999999999e+00
7.960118010000000410e+00
8.227699270000000453e+00
8.031612929999999650e+00
8.063045830000000080e+00
8.129282099999999289e+00
8.230987170000000575e+00
8.264240109999999362e+00
7.860096719999999593e+00
8.305373469999999259e+00
8.342092810000000469e+00
7.916068359999999693e+00
8.327968750000000142e+00
8.099985710000000338e+00
8.099979929999999939e+00
8.099971789999999672e+00
8.099960369999999799e+00
8.099944320000000531e+00
8.099921769999999910e+00
8.099890090000000598e+00
8.099845580000000211e+00
8.099783040000000156e+00
8.099695179999999439e+00
8.099571740000000020e+00
8.099398309999999768e+00
8.099154659999999950e+00
8.098812369999999206e+00
8.098331520000000339e+00
8.097656069999999318e+00
8.096707329999999203e+00
8.095374879999999607e+00
8.093503860000000216e+00
8.090877170000000618e+00
8.087190789999999296e+00
8.082019550000000052e+00
8.074769919999999601e+00
8.064615590000000722e+00
8.050410340000000886e+00
8.030572449999999307e+00
8.002935159999999826e+00
7.964560579999999668e+00
7.911522729999999726e+00
7.838681730000000236e+00
7.739501879999999723e+00
7.606013380000000268e+00
7.429075550000000305e+00
7.199141660000000442e+00
6.907690810000000070e+00
6.549299770000000187e+00
6.123948730000000396e+00
5.638737240000000206e+00
5.108078019999999775e+00
4.551925200000000338e+00
3.992504820000000176e+00
3.450718300000000127e+00
2.943389520000000203e+00
2.481935920000000184e+00
2.072371829999999804e+00
1.716175140000000043e+00
1.411506200000000044e+00
1.154411080000000034e+00
9.398176000000000307e-01
7.622665600000000374e-01
1.292049999999999865e-01
5.475137199999999815e-01
1.380618139999999938e+00
1.276691779999999943e+00
1.113736400000000071e+00
1.133382040000000091e+00
1.576580419999999982e+00
1.940615379999999890e+00
2.168560840000000045e+00
2.421002590000000065e+00
2.916365910000000117e+00
3.885894870000000001e+00
4.354025909999999833e+00
4.671055380000000312e+00
5.252992690000000131e+00
6.081198360000000136e+00
6.150798250000000245e+00
6.523183689999999757e+00
7.463812309999999783e+00
7.820262330000000262e+00
8.115734540000000052e+00
7.916117960000000231e+00
8.478958900000000298e+00
7.625560540000000387e+00
7.496247310000000219e+00
7.660859920000000045e+00
8.469900559999999246e+00
7.665330810000000383e+00
8.572180539999999738e+00
8.464063160000000252e+00
8.082910419999999263e+00
8.045943460000000158e+00
7.957785939999999947e+00
7.622111499999999928e+00
8.211498239999999171e+00
8.474227580000000870e+00
8.012156140000000093e+00
7.979022269999999750e+00
8.121547180000000310e+00
8.515724799999999206e+00
8.073021139999999818e+00
8.363498540000000148e+00
7.913261580000000350e+00
8.016370849999999493e+00
8.555272959999999927e+00
7.897089069999999822e+00
7.785141440000000301e+00
7.738031900000000185e+00
7.980315430000000099e+00
8.378390989999999761e+00
7.804507309999999976e+00
8.261791369999999191e+00
8.325483350000000726e+00
8.096595349999999414e+00
7.763590299999999722e+00
7.832437859999999752e+00
8.018826549999999997e+00
8.021894200000000197e+00
8.111221620000000243e+00
7.738001670000000054e+00
7.746457160000000286e+00
8.289877589999999685e+00
7.839951529999999558e+00
7.783375279999999563e+00
8.025492740000000680e+00
8.326120140000000447e+00
8.162835199999999958e+00
7.894063509999999617e+00
7.821179479999999629e+00
8.403270129999999227e+00
7.708295060000000198e+00
8.111346490000000742e+00
8.323039630000000244e+00
8.330432650000000550e+00
8.277610539999999517e+00
7.741220740000000156e+00
8.485110799999999287e+00
7.820399990000000301e+00
8.295462519999999174e+00
8.379943230000000298e+00
8.391623629999999778e+00
8.171728440000000759e+00
8.200738270000000441e+00
7.927645710000000179e+00
7.766380220000000278e+00
8.425818440000000464e+00
8.245932520000000210e+00
7.907264900000000374e+00
8.404502360000000394e+00
7.953001859999999645e+00
7.908533600000000163e+00
8.004704549999999585e+00
8.183523570000000191e+00
8.252081419999999667e+00
7.751743699999999571e+00
7.667611570000000043e+00
7.533402780000000298e+00
7.742165540000000234e+00
7.183476830000000035e+00
7.050565490000000324e+00
7.358355999999999675e+00
6.861755839999999829e+00
6.179172839999999667e+00
5.757370200000000438e+00
5.567880390000000013e+00
4.794770849999999918e+00
4.496483490000000138e+00
3.321192640000000029e+00
2.817005469999999789e+00
2.385133370000000141e+00
2.570290599999999870e+00
2.127106340000000095e+00
1.919677969999999956e+00
1.469036879999999989e+00
1.202037100000000081e+00
1.094171840000000007e+00
6.086876500000000245e-01
9.330060599999999704e-01
2.972596800000000261e-01
2.152355300000000082e-01
4.501615999999999951e-02
4.442748200000000147e-01
-2.395055999999999921e-02
1.372427599999999914e-01
1.277252299999999952e-01
-1.700609999999999900e-01
4.396618000000000054e-02
6.761099999999999922e-03
-1.564450799999999864e-01
-1.719509300000000018e-01
6.270009999999999473e-02
-2.083374299999999901e-01
3.844378700000000149e-01
-6.917697000000000429e-02
3.560408199999999801e-01
5.272471000000000102e-02
-2.272653799999999891e-01
-2.346035399999999993e-01
3.160818100000000186e-01
1.594845300000000132e-01
2.322178000000000089e-02
8.198281000000000318e-02
-1.692046100000000053e-01
3.899572800000000172e-01
4.266401899999999747e-01
4.498761999999999900e-02
-1.819486700000000068e-01
2.579889499999999947e-01
4.547754399999999753e-01
3.842614799999999886e-01
1.000000000000000056e-01
1.199999999999999956e-01
1.439699600000000079e-01
1.726846099999999884e-01
2.070639200000000124e-01
2.481977200000000106e-01
2.973731900000000095e-01
3.561050000000000049e-01
4.261674500000000032e-01
5.096272499999999761e-01
6.088746800000000015e-01
7.266493800000000114e-01
8.660553100000000226e-01
1.030556260000000002e+00
1.223939899999999970e+00
1.450233260000000080e+00
1.713547029999999971e+00
2.017819040000000008e+00
2.366422440000000016e+00
2.761601820000000096e+00
3.203709780000000062e+00
3.690246380000000048e+00
4.214771780000000412e+00
4.765887829999999603e+00
5.326672989999999608e+00
5.875161160000000216e+00
6.386515400000000398e+00
6.837154739999999897e+00
7.210010740000000418e+00
7.498732440000000388e+00
7.708410589999999729e+00
7.852294269999999798e+00
7.946626359999999778e+00
8.006420159999999342e+00
8.043448989999999910e+00
8.066032610000000602e+00
8.079673789999999300e+00
8.087864440000000599e+00
8.092764539999999229e+00
8.095689639999999798e+00
8.097433470000000355e+00
8.098472250000000372e+00
8.099090750000000227e+00
8.099458920000000006e+00
8.099678029999999751e+00
8.099808409999999625e+00
8.099885999999999697e+00
8.099932170000000653e+00
8.099959639999999794e+00
8.099975990000000792e+00
8.574299710000000019e+00
7.984511849999999633e+00
8.376773780000000613e+00
7.569372610000000279e+00
8.471161040000000142e+00
7.732510780000000139e+00
7.621400940000000013e+00
7.958448960000000127e+00
8.522147920000000099e+00
7.729102730000000143e+00
8.485499430000000842e+00
8.264752220000000094e+00
7.893778280000000258e+00
8.456241699999999639e+00
8.499947369999999225e+00
8.385192160000000783e+00
7.964376090000000019e+00
7.519204039999999978e+00
8.339701359999999397e+00
8.298056980000000138e+00
8.656437549999999703e+00
8.281172229999999246e+00
8.341693319999999190e+00
8.117275499999999866e+00
8.262825989999999621e+00
7.878974819999999823e+00
7.552485560000000042e+00
7.815490979999999865e+00
8.205472869999999475e+00
7.825573099999999727e+00
7.269614380000000153e+00
7.151625799999999700e+00
7.878994559999999758e+00
6.650423700000000160e+00
6.709392509999999810e+00
7.145001019999999592e+00
6.459750599999999565e+00
6.213944879999999671e+00
4.956479410000000030e+00
4.931685779999999575e+00
3.580574879999999904e+00
3.253995179999999987e+00
3.121392049999999863e+00
1.895333560000000084e+00
2.626428160000000123e+00
1.322442090000000015e+00
1.855785760000000062e+00
1.576708910000000019e+00
1.432854410000000023e+00
1.205450429999999962e+00
4.668880799999999831e-01
5.676013699999999940e-01
2.681579499999999783e-01
2.455540400000000012e-01
2.904539600000000110e-01
1.135567700000000013e-01
7.247272999999999910e-02
2.110969900000000121e-01
2.668253800000000009e-01
-5.495619000000000198e-02
1.183482200000000040e-01
9.725080000000000530e-03
9.232187000000000032e-02
1.942755499999999913e-01
-6.699251000000000511e-02
-6.717605000000000104e-02
-7.901178999999999841e-02
6.272426000000000390e-02
1.252460099999999910e-01
2.762675700000000178e-01
-4.729641999999999874e-02
1.451480699999999902e-01
8.123408999999999491e-02
-8.944910999999999834e-02
1.406768700000000094e-01
1.711918500000000065e-01
-8.501145000000000229e-02
1.076402999999999943e-01
1.111694000000000015e-01
3.094596000000000152e-02
2.475376200000000138e-01
9.866028999999999771e-02
1.368817300000000070e-01
2.266302000000000039e-01
3.736607000000000123e-02
2.963408699999999785e-01
1.364010200000000117e-01
9.334439999999999404e-03
5.712528000000000050e-02
2.640119400000000005e-01
-9.279774999999999829e-02
-7.101106000000000085e-02
1.088493299999999941e-01
1.155109700000000045e-01
2.498112600000000072e-01
-2.196679999999999900e-03
1.319987099999999913e-01
1.986877999999999977e-01
-5.396480000000000027e-02
-6.103838999999999793e-02
3.100510999999999892e-02
2.031197100000000089e-01
4.023873299999999875e-01
2.743762599999999829e-01
3.924849599999999938e-01
2.128395299999999990e-01
5.270620400000000094e-01
6.307280800000000243e-01
4.321770699999999965e-01
5.879737299999999722e-01
8.563777799999999774e-01
8.720090000000000341e-01
6.904137999999999664e-01
9.586721499999999452e-01
1.049948509999999890e+00
1.442582239999999905e+00
1.964144279999999965e+00
2.123065560000000129e+00
2.546440290000000051e+00
2.995297889999999796e+00
3.043834420000000041e+00
3.777703059999999891e+00
4.007608239999999711e+00
4.884725190000000161e+00
5.490599249999999820e+00
5.949143509999999857e+00
6.146328399999999803e+00
6.842619149999999983e+00
7.000224659999999766e+00
7.410203400000000329e+00
7.929484379999999888e+00
7.955241830000000292e+00
7.928411930000000218e+00
7.964325030000000361e+00
8.039896269999999845e+00
7.941471309999999839e+00
8.356842099999999718e+00
8.168205309999999386e+00
8.325868279999999899e+00
8.077119109999999935e+00
8.092052239999999230e+00
7.883598000000000106e+00
7.989075159999999620e+00
8.025599890000000514e+00
8.185929070000000252e+00
7.968417370000000055e+00
8.314596879999999857e+00
8.224383129999999653e+00
7.884550680000000256e+00
8.238610749999999427e+00
8.061827149999999165e+00
8.174214579999999231e+00
8.137207869999999232e+00
8.174157870000000159e+00
8.058502130000000818e+00
8.019006510000000532e+00
8.171184059999999860e+00
8.026700299999999899e+00
8.011999899999999286e+00
8.195494930000000622e+00
8.007715129999999348e+00
8.173023810000000111e+00
8.185088790000000003e+00
8.133308350000000075e+00
8.080430010000000607e+00
8.131034910000000338e+00
8.174130579999999924e+00
8.011176850000000016e+00
8.186105290000000423e+00
8.139338470000000214e+00
8.131781580000000176e+00
8.072243829999999676e+00
8.135897619999999719e+00
8.017348099999999533e+00
8.131115819999999772e+00
7.927652489999999830e+00
8.004906760000000787e+00
7.918514550000000263e+00
7.949954870000000007e+00
7.775578509999999888e+00
7.752062549999999774e+00
7.526322910000000199e+00
7.299049980000000382e+00
7.144858430000000205e+00
6.700225989999999854e+00
6.333854969999999973e+00
6.002947490000000386e+00
5.469518189999999613e+00
4.881396849999999787e+00
4.333785360000000253e+00
3.704688289999999995e+00
3.174432790000000004e+00
2.818428309999999826e+00
2.269564980000000176e+00
1.873929769999999939e+00
1.631295450000000091e+00
1.199379799999999996e+00
1.087069120000000000e+00
7.597164199999999479e-01
7.084790399999999488e-01
4.620659400000000083e-01
6.281572699999999898e-01
8.429897899999999611e-01
9.990279100000000190e-01
1.066288600000000031e+00
1.336606420000000073e+00
1.515059350000000027e+00
1.811066590000000032e+00
2.238894559999999867e+00
2.526542479999999813e+00
2.842578140000000086e+00
3.470474339999999991e+00
3.887552910000000139e+00
4.515722039999999993e+00
5.063708489999999784e+00
5.460861890000000329e+00
6.104066760000000258e+00
6.623018000000000072e+00
6.898513000000000339e+00
7.355044590000000326e+00
7.649667540000000265e+00
7.797784369999999576e+00
7.939277539999999966e+00
7.946763400000000033e+00
8.045864449999999835e+00
7.987808910000000040e+00
8.092624419999999930e+00
7.983316740000000244e+00
8.012107679999999732e+00
8.120307609999999343e+00
8.126316649999999697e+00
8.157129819999999754e+00
8.177185339999999414e+00
8.096959130000000116e+00
8.005235139999999916e+00
8.043082930000000630e+00
8.114896879999999868e+00
8.136361060000000478e+00
8.090085059999999828e+00
8.192507629999999708e+00
8.155432270000000372e+00
8.071583150000000373e+00
8.082305699999999149e+00
8.096137560000000732e+00
8.193556960000000444e+00
8.020439619999999437e+00
8.101836249999999851e+00
8.148641639999999242e+00
8.031376099999999241e+00
8.182696549999999291e+00
8.057990759999999142e+00
8.050029399999999669e+00
8.119513200000000097e+00
8.078265189999999762e+00
8.024503010000000103e+00
8.071147449999999779e+00
8.118029059999999575e+00
8.034976070000000803e+00
8.158210329999999288e+00
8.158403299999999803e+00
8.092286480000000282e+00
8.173920219999999404e+00
8.117314439999999465e+00
8.037906100000000720e+00
8.102387580000000256e+00
8.089376250000000823e+00
8.124250760000000682e+00
8.176429380000000080e+00
8.129385089999999536e+00
8.151786680000000729e+00
8.081469280000000310e+00
8.078033969999999897e+00
8.196164039999999318e+00
8.084399780000000035e+00
8.085432839999999288e+00
8.056934299999999993e+00
8.131403230000000093e+00
8.084833850000000766e+00
8.137252410000000324e+00
8.173970300000000577e+00
8.016381559999999240e+00
8.106948199999999716e+00
8.155063289999999299e+00
8.091807969999999628e+00
8.100601590000000130e+00
8.054352070000000197e+00
8.002550080000000676e+00
8.090974550000000320e+00
8.032324799999999598e+00
8.059105119999999900e+00
8.021252739999999548e+00
8.060994020000000759e+00
7.992222820000000283e+00
7.774413459999999887e+00
7.671319330000000214e+00
7.566060160000000145e+00
7.447807710000000192e+00
7.239155180000000023e+00
6.914936990000000172e+00
6.608874529999999581e+00
6.319124020000000286e+00
5.757781890000000402e+00
5.282399449999999774e+00
4.584481440000000241e+00
4.187913810000000403e+00
3.400355590000000205e+00
3.068344109999999958e+00
2.550476479999999935e+00
1.944668269999999977e+00
1.642136360000000073e+00
1.389109570000000016e+00
1.249374289999999998e+00
9.546246900000000535e-01
8.789986800000000322e-01
4.602260599999999924e-01
4.280071999999999766e-01
2.205759200000000086e-01
2.138331699999999891e-01
1.894831499999999891e-01
3.530337599999999743e-01
1.735014699999999910e-01
1.311621400000000104e-01
2.693136000000000141e-02
2.084545499999999885e-01
8.866799000000000208e-02
1.206903099999999951e-01
1.629246000000000166e-02
6.148015999999999898e-02
4.193206000000000017e-02
-5.933129999999999654e-02
-2.929329999999999955e-03
-9.089094999999999813e-02
1.185093599999999942e-01
1.085201100000000030e-01
-9.231955000000000022e-02
-3.253029999999999811e-02
2.150218200000000024e-01
9.199545000000000639e-02
1.512234000000000078e-01
-7.150280999999999998e-02
-9.877684000000000464e-02
1.286058900000000005e-01
-7.709449999999999636e-02
-7.806994000000000433e-02
2.941338199999999903e-01
1.449419100000000071e-01
7.334366000000000496e-02
2.716161999999999743e-01
1.638907599999999964e-01
-3.568782999999999678e-02
3.382179599999999842e-01
-2.486550800000000006e-01
1.774566399999999988e-01
2.355741899999999889e-01
-3.398778000000000216e-02
-9.572390000000000065e-03
4.804849600000000165e-01
1.452885899999999952e-01
-1.035468600000000045e-01
2.555761899999999809e-01
2.400596899999999922e-01
1.912583999999999951e-01
3.277532499999999960e-01
1.479902899999999966e-01
3.921789800000000104e-01
4.760122600000000204e-01
-1.135366099999999961e-01
-5.090395000000000336e-02
1.498983299999999963e-01
-9.015971000000000402e-02
-1.967406800000000011e-01
-1.478355199999999980e-01
3.202091499999999979e-01
4.792412999999999812e-01
-2.027721299999999949e-01
2.482932399999999984e-01
3.297506399999999838e-01
4.312953400000000270e-01
1.341062600000000049e-01
2.962341399999999791e-01
-2.219330599999999876e-01
2.102218899999999946e-01
1.360242399999999907e-01
-1.361954700000000129e-01
4.610866599999999815e-01
4.029480999999999757e-01
3.641709799999999775e-01
9.934584999999999944e-02
3.666732999999999798e-02
-2.974386999999999864e-02
4.688789600000000113e-01
-2.238050099999999987e-01
-2.601534899999999872e-01
4.230537799999999904e-01
-1.645205899999999943e-01
-2.244831399999999977e-01
2.932111199999999918e-01
-5.486015000000000336e-02
-8.961418000000000161e-02
2.149958899999999951e-01
1.158750000000000058e-03
1.666584399999999910e-01
2.326948699999999981e-01
1.116868099999999975e-01
1.606335399999999913e-01
1.757067200000000107e-01
3.954024600000000111e-01
4.252282900000000088e-01
4.849799399999999983e-01
5.857714699999999608e-01
6.941262799999999844e-01
7.615162800000000454e-01
7.751542900000000236e-01
1.103734769999999976e+00
1.285631890000000110e+00
1.485076719999999906e+00
1.707973179999999980e+00
1.988056819999999947e+00
2.315776769999999818e+00
2.729769759999999934e+00
3.127584880000000123e+00
3.604819319999999827e+00
4.170801629999999705e+00
4.696546080000000067e+00
5.412075549999999957e+00
5.941262019999999922e+00
6.470114630000000311e+00
6.934340539999999997e+00
7.176724039999999860e+00
7.494652559999999575e+00
7.744113030000000286e+00
7.755459880000000084e+00
7.953496730000000348e+00
7.942264159999999684e+00
8.086273999999999518e+00
8.019572030000000851e+00
7.990241319999999980e+00
8.019445210000000657e+00
8.138719399999999382e+00
8.049435920000000522e+00
8.056515400000000326e+00
8.091550709999999924e+00
8.141407920000000686e+00
8.164291880000000390e+00
8.129544949999999659e+00
8.048620520000000056e+00
8.199524710000000383e+00
8.072280640000000673e+00
8.064581260000000640e+00
8.184789990000000515e+00
8.764513530000000330e+00
8.707673520000000167e+00
8.328042509999999510e+00
8.579117800000000571e+00
7.410284980000000132e+00
7.807361929999999894e+00
7.440423550000000219e+00
8.660773669999999314e+00
8.720626989999999523e+00
7.663226520000000264e+00
8.612241420000000147e+00
8.711001700000000625e+00
8.247929259999999374e+00
7.451036270000000350e+00
8.753710639999999543e+00
8.616330050000000185e+00
7.512209079999999872e+00
8.234646400000000810e+00
8.578336130000000281e+00
8.624963559999999418e+00
8.315399319999999150e+00
8.425757289999999955e+00
8.611572230000000161e+00
7.587351420000000068e+00
7.871730659999999880e+00
7.831938789999999706e+00
7.903039220000000142e+00
7.578276289999999804e+00
8.073422470000000573e+00
7.927078990000000047e+00
7.458088949999999606e+00
7.085462080000000107e+00
7.997162290000000340e+00
7.753485869999999558e+00
7.493150769999999739e+00
6.302879609999999744e+00
5.827199959999999734e+00
5.078314749999999655e+00
5.234921510000000389e+00
3.959639619999999915e+00
3.924433810000000022e+00
3.932699589999999912e+00
2.515725929999999888e+00
2.334229249999999922e+00
1.549781059999999933e+00
1.011118589999999928e+00
1.034666269999999999e+00
1.673165859999999894e+00
7.276778900000000494e-01
2.515876899999999750e-01
8.373072200000000187e-01
8.881198599999999832e-01
3.105232600000000232e-01
2.425382000000000093e-01
5.548617799999999711e-01
-1.211899999999999956e-02
6.616261300000000345e-01
1.659254300000000126e-01
-2.744499899999999770e-01
4.093469499999999872e-01
-3.323786699999999872e-01
-1.980482600000000037e-01
4.784677500000000250e-01
5.622509799999999558e-01
1.926036899999999941e-01
2.396666799999999931e-01
4.421942999999999707e-02
3.753541499999999975e-01
-1.033186299999999946e-01
8.904296999999999906e-02
2.685785299999999820e-01
-2.296087099999999936e-01
8.373342999999999758e-02
2.044962700000000078e-01
5.753098899999999905e-01
4.612116900000000075e-01
-5.010595000000000326e-02
5.189946100000000229e-01
-4.993157000000000151e-02
-3.875702400000000103e-01
-3.849951400000000135e-01
3.425748599999999811e-01
-3.126389099999999921e-01
4.455621499999999902e-01
-2.441177900000000012e-01
5.710418099999999830e-01
1.845754699999999915e-01
-5.642608000000000346e-02
-3.401684099999999766e-01
1.546821499999999905e-01
4.548709400000000014e-01
-2.542671899999999763e-01
2.790500000000000012e-03
-5.865559999999999698e-03
2.042165200000000125e-01
4.444181899999999907e-01
2.422502300000000108e-01
-3.334214500000000081e-01
-1.661149199999999992e-01
1.039509799999999984e-01
3.575856900000000116e-01
2.029529599999999878e-01
3.823170100000000127e-01
3.170453400000000088e-01
9.363973000000000435e-02
3.851428999999999964e-02
2.423744899999999980e-01
4.940901999999999794e-01
3.231383099999999842e-01
5.319137299999999735e-01
8.906968899999999634e-01
7.679930900000000449e-01
1.128294499999999978e+00
9.109963199999999706e-01
1.429200969999999904e+00
1.385163240000000018e+00
1.816485920000000087e+00
1.891122680000000056e+00
2.162602689999999939e+00
2.998597100000000015e+00
3.445132759999999905e+00
3.722386109999999970e+00
4.465089680000000172e+00
4.651672760000000295e+00
5.071069229999999983e+00
5.675448010000000210e+00
6.219326080000000090e+00
6.771088999999999913e+00
7.406038449999999607e+00
7.714134750000000373e+00
7.690863189999999960e+00
7.602503640000000118e+00
7.853419699999999892e+00
8.033640169999999969e+00
8.328338210000000075e+00
8.083624540000000636e+00
7.827324950000000392e+00
7.846298939999999611e+00
8.222212360000000331e+00
7.992638509999999918e+00
7.874851669999999970e+00
8.023906650000000695e+00
8.362573969999999690e+00
8.335486720000000460e+00
8.008300979999999569e+00
8.162344499999999670e+00
8.175255339999999649e+00
8.255492070000000737e+00
8.142485459999999620e+00
7.843926330000000391e+00
8.071638099999999483e+00
8.070079039999999537e+00
8.168453279999999594e+00
8.123458790000000818e+00
8.082079359999999824e+00
8.162729609999999525e+00
8.025785459999999816e+00
8.013468400000000713e+00
8.073781979999999692e+00
8.084648650000000103e+00
8.068690180000000822e+00
8.018174910000000821e+00
8.012572710000000598e+00
8.193170750000000169e+00
8.024712969999999501e+00
8.077799669999999210e+00
8.037298410000000004e+00
8.121452579999999699e+00
8.150086630000000554e+00
8.167537369999999797e+00
8.151069630000000288e+00
8.021415140000000221e+00
8.047096440000000683e+00
8.077462680000000006e+00
8.131976879999999852e+00
8.028783560000000818e+00
7.995611079999999760e+00
7.923027860000000366e+00
7.948659440000000131e+00
7.929091040000000312e+00
7.687218770000000312e+00
7.629787209999999931e+00
7.418458900000000078e+00
7.272978799999999744e+00
6.869119659999999961e+00
6.500338010000000111e+00
6.062228850000000335e+00
5.551996719999999996e+00
5.122047870000000280e+00
4.462633239999999724e+00
3.996823260000000211e+00
3.375755750000000166e+00
3.018159330000000029e+00
2.415654979999999785e+00
2.046850140000000096e+00
1.651232980000000072e+00
1.474947889999999928e+00
1.090032880000000093e+00
9.790224800000000283e-01
6.873160999999999854e-01
7.629105099999999862e-01
9.737434600000000051e-01
2.421687600000000107e-01
4.184736900000000093e-01
-1.438335699999999939e-01
-1.405487800000000120e-01
-1.234479999999999952e-02
3.716646599999999800e-01
-7.221342000000000039e-02
2.715609999999999968e-01
1.888071199999999950e-01
-1.019141400000000003e-01
3.666980100000000187e-01
-3.482916799999999924e-01
4.385171400000000275e-01
1.017604899999999951e-01
3.720529499999999934e-01
2.794177099999999858e-01
-2.414269199999999893e-01
2.848956000000000266e-01
-9.650522999999999740e-02
3.718962299999999943e-01
9.270805000000000018e-02
-3.537338999999999761e-02
4.924854200000000071e-01
4.448394900000000041e-01
3.552350400000000019e-01
5.106298000000000226e-01
4.699997000000000202e-02
-2.517179900000000026e-01
2.947723600000000110e-01
-8.788806000000000396e-02
2.938279999999999781e-01
4.919265299999999730e-01
5.760119700000000398e-01
2.702202300000000057e-01
2.717124300000000048e-01
2.727144400000000024e-01
2.069633600000000129e-01
1.982284999999999950e-02
1.235680000000000068e-03
-2.874790700000000032e-01
1.346287599999999862e-01
5.071793199999999890e-01
-2.583134200000000158e-01
2.222695899999999891e-01
3.907775800000000133e-01
1.680636100000000022e-01
4.024190200000000162e-01
-1.810710100000000045e-01
-7.599148999999999488e-02
2.868196100000000026e-01
2.745025400000000171e-01
2.259488000000000121e-02
2.882425900000000207e-01
-3.151390000000000007e-03
2.798065000000000135e-01
5.989451999999999970e-02
-4.103600000000000216e-04
3.783881000000000050e-02
1.642259600000000042e-01
6.361996000000000318e-02
1.641208399999999901e-01
2.315522100000000083e-01
8.296225000000000127e-02
8.532480000000000619e-02
2.008037000000000016e-02
1.285623399999999972e-01
-7.472729000000000177e-02
2.340178499999999995e-01
2.667398400000000058e-01
2.147734999999999922e-02
5.292000000000000154e-05
1.291753900000000010e-01
1.309708800000000117e-01
6.333805000000000685e-02
3.614714000000000121e-02
1.258054899999999920e-01
-8.789803000000000199e-02
-5.237645999999999968e-02
1.314478799999999892e-01
2.091015999999999986e-01
5.589025000000000243e-02
-3.964239999999999951e-03
2.515386499999999748e-01
-7.590951999999999422e-02
2.159633999999999998e-01
1.633481699999999870e-01
3.200717000000000145e-02
1.148342599999999936e-01
2.324185999999999960e-02
2.584892000000000092e-02
-6.437769999999999777e-03
2.919512400000000008e-01
-4.621262999999999760e-02
-9.950380000000000336e-02
2.335497599999999951e-01
1.626763800000000093e-01
2.906931099999999768e-01
1.579906000000000088e-01
9.806847999999999954e-02
2.897270999999999874e-02
1.717643100000000034e-01
7.726503999999999317e-02
6.108435999999999727e-02
1.045118500000000034e-01
1.236943000000000070e-02
1.971934300000000029e-01
7.442353999999999636e-02
1.068223600000000051e-01
1.957659000000000135e-02
2.793922999999999893e-02
1.839261699999999999e-01
2.523430000000000117e-02
1.441177100000000100e-01
1.771216999999999930e-01
4.420087000000000321e-02
6.561419999999999753e-02
1.989573000000000036e-01
1.725169900000000089e-01
1.864220400000000111e-01
2.643387999999999988e-02
5.551770000000000142e-03
1.203879499999999936e-01
1.259232200000000024e-01
1.941937199999999863e-01
1.729935499999999959e-01
6.333750000000000491e-02
4.548866000000000021e-02
1.150028200000000056e-01
1.620201400000000069e-01
5.200421999999999684e-02
1.049015900000000029e-01
3.814271000000000328e-02
1.133969699999999997e-01
1.544599399999999900e-01
1.985539299999999896e-01
9.334433999999999787e-02
8.558380999999999628e-02
8.440377000000000296e-02
1.939012999999999987e-01
8.804615999999999831e-02
1.788668099999999872e-01
7.588193000000000021e-02
4.352110000000000180e-03
7.462285999999999919e-02
1.377074399999999865e-01
1.670610999999999971e-02
1.202478599999999981e-01
1.941651699999999980e-01
2.698021000000000100e-02
5.015887700000000171e-01
-4.416202999999999795e-02
-1.212012400000000018e-01
4.908728399999999770e-01
3.064728899999999978e-01
5.649497300000000388e-01
4.815329099999999807e-01
3.874323700000000259e-01
2.067307300000000014e-01
2.090686700000000120e-01
3.388798499999999825e-01
8.944818900000000017e-01
1.069851069999999904e+00
1.084314250000000035e+00
1.721636689999999970e+00
1.573212239999999928e+00
1.969662540000000073e+00
2.719752979999999987e+00
2.413090260000000153e+00
3.296754829999999803e+00
3.905501380000000022e+00
4.349001359999999927e+00
4.635942799999999586e+00
5.445067419999999991e+00
5.988408149999999708e+00
6.500283109999999809e+00
6.965652259999999707e+00
6.818344399999999972e+00
7.281078800000000406e+00
7.682464539999999786e+00
7.784889060000000249e+00
7.645191829999999911e+00
7.918223420000000345e+00
7.895260450000000318e+00
8.337108969999999175e+00
8.356927819999999230e+00
7.771021469999999987e+00
7.988692789999999988e+00
8.264506779999999608e+00
7.798318169999999938e+00
7.916624490000000236e+00
8.226372630000000186e+00
7.713936490000000035e+00
7.875122570000000266e+00
7.961768570000000267e+00
7.706867810000000318e+00
8.216451380000000526e+00
8.465413899999999714e+00
7.732567559999999673e+00
8.184170919999999683e+00
8.022200839999999999e+00
8.151491789999999682e+00
8.251002379999999192e+00
8.078351509999999180e+00
7.910222769999999848e+00
8.152189330000000567e+00
8.066661410000000032e+00
7.930830420000000380e+00
8.064441130000000513e+00
8.295804529999999843e+00
8.063339680000000342e+00
8.199294919999999820e+00
8.139813589999999266e+00
7.997754610000000319e+00
7.990169869999999896e+00
8.219735789999999653e+00
8.179988760000000525e+00
7.895789050000000309e+00
8.280285069999999692e+00
8.118165550000000508e+00
7.920361480000000398e+00
8.046625309999999587e+00
7.882134419999999864e+00
8.000288510000000741e+00
8.192366110000000035e+00
7.860686849999999559e+00
7.816215289999999705e+00
8.022044770000000824e+00
8.004770239999999148e+00
7.837291350000000101e+00
7.570960010000000295e+00
7.505585130000000049e+00
7.344991150000000246e+00
6.937528399999999706e+00
6.390363329999999564e+00
5.938575270000000295e+00
5.636875650000000348e+00
5.151979469999999672e+00
4.425472870000000114e+00
3.947479980000000221e+00
3.531800050000000191e+00
3.031113449999999876e+00
2.667767930000000121e+00
1.909529189999999987e+00
1.903363099999999974e+00
1.435718779999999972e+00
9.814863700000000524e-01
9.926687400000000494e-01
6.867001700000000541e-01
