9.784124199999999494e-01
2.912932400000000088e-01
7.884249100000000343e-01
0.000000000000000000e+00
0.000000000000000000e+00
0.000000000000000000e+00
4.507303599999999966e-01
0.000000000000000000e+00
0.000000000000000000e+00
0.000000000000000000e+00
0.000000000000000000e+00
3.618896300000000177e-01
4.117348200000000014e-01
1.341800700000000124e-01
1.503589499999999912e-01
2.309787199999999985e-01
1.028753599999999990e-01
2.471161600000000014e-01
4.928883399999999804e-01
0.000000000000000000e+00
2.186680500000000027e-01
3.429218600000000228e-01
3.912320200000000137e-01
4.041665300000000238e-01
1.057869899999999974e-01
0.000000000000000000e+00
4.591155199999999992e-01
0.000000000000000000e+00
4.300709699999999969e-01
4.137751199999999963e-01
0.000000000000000000e+00
3.349892099999999817e-01
2.663515200000000083e-01
3.992631799999999953e-01
0.000000000000000000e+00
1.724638199999999899e-01
1.785553599999999963e-01
0.000000000000000000e+00
0.000000000000000000e+00
5.984701999999999522e-01
0.000000000000000000e+00
2.026502900000000107e-01
7.246437999999999491e-02
0.000000000000000000e+00
0.000000000000000000e+00
0.000000000000000000e+00
0.000000000000000000e+00
5.915507999999999877e-02
0.000000000000000000e+00
0.000000000000000000e+00
1.576697300000000079e-01
0.000000000000000000e+00
7.792721400000000020e-01
1.797496799999999950e-01
7.208180600000000382e-01
6.981379000000000057e-02
7.794188899999999753e-01
2.772814800000000246e-01
5.670845500000000206e-01
4.939358999999999833e-01
1.094842789999999955e+00
1.301098649999999912e+00
1.076129539999999940e+00
7.161003400000000019e-01
8.931970500000000479e-01
1.659815569999999907e+00
2.085360399999999892e+00
2.492805590000000127e+00
2.210641840000000080e+00
2.109593180000000068e+00
3.339757549999999853e+00
3.135354910000000217e+00
4.637825989999999621e+00
4.217430560000000384e+00
4.943230100000000071e+00
6.211672359999999671e+00
6.172749890000000406e+00
6.156315679999999624e+00
7.313531710000000352e+00
7.906984569999999657e+00
7.050729490000000155e+00
7.246650159999999730e+00
7.906884589999999768e+00
7.692745839999999724e+00
8.062878539999999816e+00
8.320887320000000642e+00
7.764341850000000100e+00
8.006352689999999939e+00
7.947104060000000025e+00
7.575099680000000113e+00
8.292992180000000602e+00
7.893203869999999789e+00
8.248060249999999982e+00
7.463221889999999803e+00
7.515822779999999703e+00
8.758890570000000153e+00
8.248778149999999698e+00
8.500685130000000811e+00
8.578036270000000130e+00
7.597459549999999950e+00
8.076208969999999709e+00
7.991639600000000065e+00
8.059408140000000387e+00
8.076996790000000814e+00
8.083745659999999944e+00
8.282865470000000840e+00
8.013536699999999513e+00
8.170880459999999346e+00
8.286696669999999543e+00
7.927123210000000419e+00
8.058702770000000015e+00
7.907316879999999770e+00
8.180526999999999660e+00
8.183483219999999392e+00
8.270476970000000705e+00
8.167278259999999790e+00
8.121691609999999173e+00
8.121937960000000345e+00
8.106071110000000246e+00
8.129608420000000280e+00
8.215330709999999925e+00
7.923327440000000443e+00
8.202281409999999440e+00
8.139281060000000068e+00
7.891429559999999732e+00
7.979388400000000381e+00
8.200831429999999145e+00
8.007091620000000631e+00
8.034990179999999427e+00
7.700699939999999799e+00
7.703552239999999607e+00
7.537133240000000178e+00
7.456927649999999907e+00
7.206923309999999638e+00
6.826929129999999901e+00
6.743410769999999665e+00
6.368211819999999967e+00
5.801130289999999690e+00
5.463610440000000068e+00
4.871216360000000023e+00
4.352695220000000198e+00
3.642566979999999788e+00
3.016846179999999933e+00
2.702622359999999890e+00
2.462957040000000042e+00
1.961324220000000063e+00
1.714898880000000014e+00
1.400254120000000047e+00
9.083189299999999688e-01
8.912479800000000507e-01
7.547644300000000417e-01
4.861893099999999857e-01
3.767488600000000187e-01
4.633141299999999907e-01
4.189138600000000268e-01
2.717164499999999983e-01
3.416277400000000131e-01
6.160930000000000226e-03
9.228406999999999583e-02
1.156880000000000104e-03
1.279863800000000107e-01
1.700285599999999953e-01
0.000000000000000000e+00
2.706452200000000197e-01
6.196469000000000282e-02
2.005609200000000036e-01
4.783876000000000100e-02
2.994650500000000104e-01
1.549503999999999986e-02
2.997665199999999808e-01
0.000000000000000000e+00
0.000000000000000000e+00
5.400085999999999775e-02
1.371617199999999870e-01
1.494195299999999949e-01
0.000000000000000000e+00
0.000000000000000000e+00
1.279257099999999980e-01
9.700105000000000532e-02
2.741506000000000151e-02
2.185683099999999879e-01
0.000000000000000000e+00
4.204146000000000272e-02
2.495342299999999958e-01
0.000000000000000000e+00
2.805367899999999803e-01
0.000000000000000000e+00
0.000000000000000000e+00
2.489695000000000102e-02
2.374267100000000130e-01
0.000000000000000000e+00
6.347720000000000272e-03
1.849427499999999891e-01
1.837444000000000022e-01
2.356302999999999870e-01
1.540882100000000032e-01
2.394336599999999926e-01
0.000000000000000000e+00
7.679305000000000159e-02
1.032675200000000015e-01
7.243934000000000484e-02
1.374632100000000023e-01
4.600520999999999777e-02
2.080028899999999958e-01
1.194523700000000022e-01
2.095648200000000128e-01
2.317984999999999907e-01
2.652963899999999930e-01
3.574872700000000236e-01
5.471395100000000511e-01
5.184213399999999528e-01
6.331346500000000210e-01
9.074539000000000355e-01
9.911764800000000264e-01
1.126773419999999915e+00
1.401799809999999979e+00
1.714793149999999988e+00
2.020410159999999955e+00
2.311062080000000130e+00
2.850261960000000094e+00
3.217506070000000218e+00
3.626879090000000083e+00
4.260686319999999583e+00
4.749019979999999919e+00
5.296136609999999578e+00
5.943275129999999962e+00
6.397813249999999563e+00
6.906818989999999658e+00
7.226922079999999582e+00
7.538089420000000374e+00
7.741737640000000198e+00
7.850429779999999802e+00
8.042569439999999403e+00
8.044330260000000621e+00
7.964311930000000039e+00
8.052871740000000500e+00
8.097520259999999581e+00
7.988142400000000087e+00
8.172022450000000049e+00
8.174661130000000497e+00
8.180458099999999177e+00
8.039032990000000822e+00
8.091677680000000095e+00
8.111281010000000791e+00
8.134342880000000164e+00
8.008650530000000600e+00
8.190058029999999434e+00
8.152192760000000149e+00
8.114466710000000305e+00
8.086999600000000399e+00
7.435984549999999693e+00
7.939227960000000195e+00
8.184622839999999400e+00
7.410317609999999888e+00
7.886657940000000089e+00
8.303587459999999254e+00
8.329926920000000123e+00
7.857767270000000082e+00
8.520729890000000140e+00
7.829778759999999949e+00
7.723317360000000242e+00
7.467710219999999843e+00
7.792418910000000309e+00
8.720601329999999152e+00
8.546033980000000696e+00
8.064356249999999449e+00
8.196672250000000659e+00
8.734596789999999444e+00
8.329795609999999684e+00
8.556138490000000374e+00
7.650177020000000105e+00
7.894504040000000167e+00
7.442827849999999579e+00
8.006067690000000070e+00
8.369128310000000681e+00
8.221473409999999760e+00
7.475073090000000420e+00
8.105323300000000231e+00
8.331640410000000330e+00
8.174283219999999517e+00
7.125929590000000147e+00
7.095985449999999695e+00
7.435173439999999800e+00
7.695232919999999588e+00
6.748257979999999989e+00
6.158621909999999922e+00
6.343568979999999691e+00
6.258250470000000121e+00
5.725835599999999914e+00
4.937891129999999684e+00
3.348949279999999806e+00
3.641682159999999779e+00
2.834916760000000036e+00
1.915660509999999928e+00
1.662763400000000003e+00
1.505273599999999989e+00
8.669300899999999865e-01
1.154967840000000079e+00
2.967595599999999778e-01
3.749688899999999991e-01
6.100741299999999923e-01
7.168612899999999843e-01
8.742675600000000546e-01
9.610390500000000058e-01
1.282105339999999982e+00
1.567121999999999904e+00
1.675807389999999897e+00
2.054281039999999781e+00
2.367285380000000217e+00
2.821458999999999939e+00
3.203730559999999894e+00
3.742587560000000035e+00
4.320134109999999694e+00
4.833450779999999725e+00
5.437581630000000388e+00
5.859997619999999685e+00
6.400165979999999699e+00
6.890055270000000398e+00
7.238885849999999955e+00
7.454419480000000320e+00
7.683143190000000011e+00
7.833966649999999809e+00
8.033198900000000364e+00
7.986760180000000098e+00
8.118175340000000517e+00
8.103695889999999125e+00
8.018114150000000606e+00
8.139307540000000785e+00
8.053459529999999589e+00
8.044967299999999710e+00
8.000649329999999892e+00
8.026475220000000022e+00
8.112925349999999369e+00
8.176413780000000742e+00
8.155010280000000833e+00
8.132231730000000880e+00
8.146605870000000138e+00
8.003008100000000624e+00
8.187940019999999208e+00
8.191583700000000690e+00
8.172861340000000752e+00
8.136242590000000163e+00
8.145110450000000668e+00
8.051673729999999196e+00
8.119368189999999430e+00
8.033654099999999687e+00
8.157018860000000871e+00
8.006273710000000321e+00
8.115336250000000362e+00
8.082784650000000681e+00
8.099999920000000131e+00
8.099999889999999425e+00
8.099999849999999668e+00
8.099999790000000033e+00
8.099999699999999692e+00
8.099999580000000421e+00
8.099999410000000566e+00
8.099999170000000248e+00
8.099998839999999589e+00
8.099998360000000730e+00
8.099997699999999412e+00
8.099996770000000623e+00
8.099995460000000591e+00
8.099993630000000167e+00
8.099991049999999859e+00
8.099987419999999716e+00
8.099982320000000513e+00
8.099975170000000446e+00
8.099965109999999413e+00
8.099950979999999134e+00
8.099931120000000817e+00
8.099903230000000676e+00
8.099864039999999932e+00
8.099808980000000602e+00
8.099731620000000021e+00
8.099622930000000665e+00
8.099470229999999660e+00
8.099255700000000502e+00
8.098954309999999879e+00
8.098530919999999966e+00
8.097936159999999717e+00
8.097100729999999302e+00
8.095927379999999118e+00
8.094279630000000836e+00
8.091966169999999181e+00
8.088718959999999569e+00
8.084162929999999747e+00
8.077774099999999180e+00
8.068822179999999733e+00
8.056292600000000803e+00
8.038782290000000330e+00
8.014363349999999997e+00
7.980410639999999667e+00
7.933394859999999937e+00
7.868655870000000441e+00
7.780195599999999878e+00
7.660570629999999603e+00
7.501020519999999969e+00
7.292020950000000390e+00
7.024454460000000289e+00
