9.716521390000000480e+00
9.297529530000000264e+00
1.001271745999999929e+01
9.384114040000000045e+00
9.446082669999999126e+00
9.571649120000000011e+00
1.020217541999999966e+01
9.687848040000000438e+00
9.526199610000000817e+00
9.660142849999999726e+00
9.522415110000000738e+00
1.026188963000000065e+01
1.031173481999999986e+01
1.003418006999999967e+01
1.005035894999999968e+01
1.013097871999999988e+01
1.000287536000000088e+01
1.014711615999999950e+01
1.039288834000000072e+01
9.880934659999999425e+00
1.011866805000000014e+01
1.024292185999999916e+01
1.029123202000000070e+01
1.030416652999999982e+01
1.000578699000000071e+01
9.793877039999999923e+00
1.035911551999999958e+01
9.785384360000000115e+00
1.033007096999999952e+01
1.031377512000000074e+01
9.805525680000000577e+00
1.023498921000000017e+01
1.016635151999999920e+01
1.029926318000000052e+01
9.567391029999999574e+00
1.007246381999999940e+01
1.007855535999999930e+01
9.690656569999999803e+00
9.846791550000000726e+00
1.049847019999999986e+01
9.510205129999999230e+00
1.010265028999999970e+01
9.972464379999999906e+00
9.531678250000000574e+00
9.676750719999999362e+00
9.757154480000000518e+00
9.786575889999999944e+00
9.959155080000000382e+00
9.639086929999999498e+00
9.619253430000000549e+00
1.005766973000000064e+01
9.783035729999999930e+00
1.058033973000000039e+01
9.916209309999999277e+00
1.037992423999999936e+01
9.636368920000000671e+00
1.023532920999999973e+01
9.601045250000000308e+00
9.733207800000000631e+00
9.472274580000000554e+00
9.849874760000000506e+00
9.791137550000000189e+00
9.252505100000000482e+00
8.522348739999999978e+00
8.264332279999999642e+00
8.521790720000000263e+00
8.354879589999999467e+00
8.077712760000000713e+00
7.011191339999999883e+00
6.020989079999999660e+00
6.256410530000000136e+00
4.957300550000000250e+00
5.279589490000000218e+00
3.619182939999999959e+00
3.083215889999999959e+00
3.117559749999999852e+00
1.928090249999999894e+00
8.977175200000000466e-01
1.216007559999999987e+00
1.159836579999999895e+00
0.000000000000000000e+00
0.000000000000000000e+00
1.519752900000000129e-01
0.000000000000000000e+00
9.011830999999999314e-02
2.973139499999999935e-01
0.000000000000000000e+00
0.000000000000000000e+00
0.000000000000000000e+00
0.000000000000000000e+00
1.987668800000000069e-01
0.000000000000000000e+00
1.501060499999999909e-01
0.000000000000000000e+00
0.000000000000000000e+00
6.593216299999999919e-01
1.490346499999999907e-01
4.008377399999999979e-01
4.781270799999999821e-01
0.000000000000000000e+00
0.000000000000000000e+00
0.000000000000000000e+00
0.000000000000000000e+00
0.000000000000000000e+00
0.000000000000000000e+00
1.830383299999999991e-01
0.000000000000000000e+00
7.121922999999999448e-02
1.871709300000000131e-01
0.000000000000000000e+00
0.000000000000000000e+00
0.000000000000000000e+00
8.234838999999999354e-02
8.603291000000000410e-02
1.740460899999999866e-01
7.227424999999999822e-02
2.868458000000000119e-02
3.172552000000000011e-02
1.976885999999999921e-02
4.877613000000000087e-02
1.421480999999999995e-01
0.000000000000000000e+00
1.547323800000000027e-01
1.125879999999999936e-01
0.000000000000000000e+00
2.226590999999999987e-02
2.999565699999999779e-01
1.841224200000000089e-01
3.194780099999999790e-01
1.325667299999999937e-01
3.359980699999999820e-01
4.397454800000000219e-01
7.184702099999999980e-01
9.368853900000000401e-01
1.154517540000000064e+00
1.812550129999999982e+00
2.327660279999999915e+00
2.790260379999999873e+00
3.596387319999999832e+00
4.222352019999999762e+00
4.949732939999999637e+00
5.465646849999999723e+00
6.005282580000000259e+00
6.765632369999999618e+00
7.491525779999999912e+00
7.838919950000000192e+00
8.325837970000000254e+00
8.635436329999999217e+00
8.668615219999999510e+00
9.089060710000000043e+00
9.314306639999999859e+00
9.346714269999999658e+00
9.482649549999999650e+00
9.768437340000000191e+00
9.885257319999999126e+00
9.868185029999999358e+00
1.004290377000000056e+01
9.791711360000000752e+00
9.945507890000000017e+00
9.901156880000000271e+00
1.002798637999999976e+01
1.007002856000000079e+01
9.866150550000000408e+00
1.017064522000000082e+01
9.961964690000000289e+00
1.010056091999999950e+01
9.947838759999999780e+00
1.019946505000000059e+01
9.915495039999999705e+00
1.019976652000000072e+01
9.828671990000000136e+00
9.890087839999999630e+00
9.954000860000000728e+00
1.003716172000000029e+01
1.004941952999999977e+01
9.802986360000000232e+00
9.852378399999999203e+00
1.002792570999999988e+01
9.997001049999999722e+00
9.927415059999999514e+00
1.011856831000000057e+01
9.873604650000000760e+00
9.942041460000000441e+00
1.014953423000000043e+01
9.819627829999999946e+00
1.018053678999999967e+01
9.801458480000000861e+00
9.824876950000000164e+00
9.924896950000000828e+00
1.013742670999999973e+01
9.832332389999999478e+00
9.906347719999999413e+00
1.008494274999999973e+01
1.008374440000000050e+01
1.013563030000000076e+01
1.005408820999999975e+01
1.013943365999999990e+01
9.847824170000000876e+00
9.976793049999999496e+00
1.000326751999999964e+01
9.972439339999999319e+00
9.992463210000000373e+00
9.847072790000000353e+00
9.944462520000000083e+00
9.778558549999999627e+00
9.776119950000000003e+00
9.687708819999999221e+00
9.589060149999999894e+00
9.523610509999999252e+00
9.525478180000000350e+00
9.273453310000000727e+00
9.123173559999999682e+00
9.083829460000000466e+00
8.797424890000000275e+00
8.497908640000000347e+00
8.263774959999999226e+00
7.984312339999999786e+00
7.605317330000000098e+00
7.111611589999999872e+00
6.761657859999999687e+00
6.134159059999999997e+00
5.448824740000000055e+00
4.902449820000000180e+00
4.150772360000000383e+00
3.436122389999999971e+00
2.849162520000000143e+00
2.153153609999999940e+00
1.648220830000000081e+00
1.129397930000000105e+00
7.909414299999999454e-01
5.228138199999999847e-01
3.077676699999999932e-01
2.876601300000000139e-01
1.548848999999999920e-01
0.000000000000000000e+00
2.929837000000000066e-02
4.325422999999999768e-02
0.000000000000000000e+00
8.830222000000000071e-02
8.435943999999999388e-02
8.623279999999999834e-02
0.000000000000000000e+00
0.000000000000000000e+00
1.249844999999999949e-02
3.506731999999999905e-02
0.000000000000000000e+00
9.031451999999999536e-02
5.234537000000000218e-02
1.455750999999999920e-02
0.000000000000000000e+00
0.000000000000000000e+00
0.000000000000000000e+00
8.468630000000000602e-02
0.000000000000000000e+00
0.000000000000000000e+00
2.037634700000000021e-01
2.301742099999999902e-01
0.000000000000000000e+00
4.212180400000000158e-01
0.000000000000000000e+00
0.000000000000000000e+00
0.000000000000000000e+00
0.000000000000000000e+00
6.232735000000000358e-01
4.497880599999999895e-01
0.000000000000000000e+00
1.040807599999999944e-01
6.450032999999999461e-01
2.444119200000000047e-01
4.766648499999999733e-01
0.000000000000000000e+00
0.000000000000000000e+00
0.000000000000000000e+00
0.000000000000000000e+00
3.807050399999999946e-01
2.776853899999999764e-01
0.000000000000000000e+00
3.100620000000000043e-01
6.557142700000000435e-01
6.622493400000000197e-01
0.000000000000000000e+00
1.074553500000000050e-01
8.447534500000000168e-01
1.622164179999999956e+00
1.330953650000000099e+00
1.547697429999999930e+00
2.689684339999999896e+00
3.696091669999999940e+00
4.357660059999999724e+00
4.821059420000000095e+00
4.490813440000000156e+00
6.002565999999999846e+00
6.337290340000000022e+00
6.456304689999999624e+00
7.124926780000000015e+00
7.768879540000000361e+00
7.816041130000000337e+00
8.682542919999999498e+00
8.307169970000000347e+00
8.784869139999999632e+00
9.348183110000000795e+00
9.186842940000000013e+00
9.026937800000000678e+00
8.739366220000000851e+00
8.620490600000000114e+00
8.390879169999999831e+00
7.901006549999999962e+00
7.588187630000000183e+00
7.109705309999999834e+00
6.667381780000000369e+00
6.047722330000000035e+00
5.485372619999999699e+00
4.877630560000000060e+00
4.148060410000000253e+00
3.490636180000000088e+00
2.682908149999999825e+00
2.080377009999999860e+00
1.567441300000000037e+00
1.090297190000000027e+00
6.691547399999999701e-01
4.374523399999999951e-01
2.734418800000000260e-01
2.668235899999999994e-01
9.015410999999999564e-02
1.410241700000000042e-01
7.746132000000000017e-02
0.000000000000000000e+00
6.565343999999999347e-02
0.000000000000000000e+00
0.000000000000000000e+00
0.000000000000000000e+00
0.000000000000000000e+00
1.489896999999999923e-02
7.758824999999999750e-02
5.570916000000000062e-02
3.264758999999999717e-02
4.685331000000000218e-02
0.000000000000000000e+00
8.802762000000000087e-02
9.163582000000000671e-02
7.289234999999999465e-02
3.626104000000000133e-02
4.512142999999999710e-02
0.000000000000000000e+00
1.937207999999999986e-02
0.000000000000000000e+00
5.702023999999999981e-02
0.000000000000000000e+00
1.533672999999999981e-02
0.000000000000000000e+00
9.999999999999999547e-08
1.299999999999999994e-07
1.900000000000000073e-07
2.700000000000000090e-07
3.700000000000000044e-07
5.199999999999999976e-07
7.400000000000000089e-07
1.039999999999999995e-06
1.459999999999999997e-06
2.039999999999999950e-06
2.870000000000000050e-06
4.040000000000000283e-06
5.669999999999999923e-06
7.969999999999999925e-06
1.118999999999999959e-05
1.573000000000000017e-05
2.209000000000000026e-05
3.104000000000000097e-05
4.360999999999999751e-05
6.127999999999999604e-05
8.608999999999999736e-05
1.209599999999999938e-04
1.699500000000000110e-04
2.387799999999999873e-04
3.354799999999999796e-04
4.713399999999999968e-04
6.622099999999999905e-04
9.303799999999999657e-04
1.307109999999999999e-03
1.836350000000000048e-03
2.579800000000000149e-03
3.624080000000000010e-03
5.090779999999999611e-03
7.150459999999999976e-03
1.004228000000000065e-02
1.410130000000000064e-02
1.979633999999999908e-02
2.778237000000000068e-02
3.897227000000000330e-02
5.463425000000000226e-02
7.652214000000000238e-02
1.070458100000000051e-01
1.494867000000000001e-01
2.082564299999999924e-01
2.891801600000000194e-01
3.997555099999999806e-01
5.492867099999999558e-01
7.487243500000000385e-01
1.009973809999999972e+00
1.344431919999999892e+00
