1.000000000000000000e+01
9.974375000000000213e+00
9.943536489999999617e+00
9.906441790000000580e+00
9.861847929999999707e+00
9.808276989999999529e+00
9.743977210000000611e+00
9.666880389999999323e+00
9.574556610000000134e+00
9.464168250000000171e+00
9.332427129999999238e+00
9.175560239999999368e+00
8.989293290000000880e+00
8.768865269999999157e+00
8.509093430000000069e+00
8.204515629999999504e+00
7.849646309999999794e+00
7.439391910000000330e+00
6.969678889999999960e+00
6.438346169999999979e+00
5.846331570000000255e+00
5.199118630000000074e+00
4.508276000000000394e+00
3.792690340000000049e+00
3.078778799999999816e+00
2.398712240000000051e+00
1.785859249999999898e+00
1.267786040000000058e+00
8.591954400000000325e-01
5.586145900000000220e-01
3.511055299999999990e-01
2.151795599999999919e-01
1.295931800000000023e-01
7.716383000000000270e-02
4.561873000000000317e-02
2.685219000000000147e-02
1.576450999999999894e-02
9.240740000000000759e-03
5.411720000000000072e-03
3.167590000000000076e-03
1.853470000000000074e-03
1.084330000000000103e-03
6.342999999999999680e-04
3.710200000000000086e-04
2.170100000000000110e-04
1.269300000000000061e-04
7.423999999999999393e-05
4.342000000000000102e-05
2.540000000000000076e-05
1.485000000000000012e-05
4.619909899999999903e-01
2.051684099999999955e-01
3.237410099999999957e-01
-4.442225899999999728e-01
-3.077379000000000087e-01
-5.995539999999999897e-02
-4.458403300000000069e-01
-2.850025999999999948e-01
-1.764757100000000078e-01
4.159760599999999808e-01
1.484559099999999965e-01
6.112576000000000120e-02
-6.494328700000000509e-01
-4.096861900000000056e-01
6.091292999999999846e-01
-8.059389000000000136e-02
4.783897699999999920e-01
3.389733300000000171e-01
9.437731000000000592e-02
-1.806670700000000129e-01
9.878940999999999417e-02
-8.443607999999999669e-02
4.291431299999999838e-01
3.743615200000000032e-01
-1.959783000000000011e-02
-4.099214299999999755e-01
-3.848405899999999824e-01
5.028502400000000039e-01
-1.849127499999999868e-01
1.152306099999999972e-01
7.510426300000000444e-01
7.745918899999999496e-01
1.074896979999999891e+00
-7.026546000000000181e-02
1.037946309999999928e+00
9.149715099999999879e-01
1.650394619999999923e+00
2.521534990000000143e+00
2.005385060000000053e+00
3.428119380000000049e+00
4.256254389999999610e+00
3.774689159999999877e+00
4.958316169999999801e+00
5.387147719999999751e+00
6.954697770000000112e+00
7.250797369999999908e+00
7.238667190000000140e+00
8.377377750000000844e+00
8.682042689999999396e+00
8.816305919999999574e+00
8.970581479999999885e+00
8.868700940000000088e+00
8.681344579999999311e+00
8.236017130000000463e+00
7.656231230000000387e+00
7.146162409999999632e+00
6.600418109999999672e+00
6.498053259999999831e+00
5.540762789999999605e+00
5.315998519999999949e+00
4.287960370000000410e+00
3.789406070000000071e+00
3.196955050000000131e+00
2.149179810000000135e+00
2.012631400000000070e+00
1.106575890000000006e+00
1.077407529999999891e+00
5.314672400000000074e-01
5.620015099999999819e-01
1.175342500000000068e-01
-5.422031000000000073e-02
1.281478500000000076e-01
2.571607999999999880e-02
-1.962216499999999975e-01
-2.677838999999999914e-02
2.480773799999999862e-01
-1.973046699999999876e-01
7.666950000000000154e-02
5.130599000000000270e-02
3.250108000000000164e-02
6.581871999999999723e-02
1.342342499999999994e-01
-1.054846400000000045e-01
2.974404299999999779e-01
-2.211233300000000068e-01
2.876482799999999784e-01
6.134172999999999709e-02
-1.970199900000000059e-01
2.848166400000000098e-01
-5.047545999999999977e-02
-1.360877699999999968e-01
-1.460435000000000032e-02
-2.659771100000000166e-01
1.355688200000000065e-01
1.273033100000000029e-01
-1.160637000000000058e-01
-2.528152399999999966e-01
6.198091000000000017e-02
-1.638610500000000081e-01
1.120182400000000050e-01
2.999999999999999732e-08
4.000000000000000084e-08
4.999999999999999774e-08
7.000000000000000477e-08
9.999999999999999547e-08
1.400000000000000095e-07
1.999999999999999909e-07
2.800000000000000191e-07
3.900000000000000247e-07
5.500000000000000281e-07
7.700000000000000393e-07
1.080000000000000036e-06
1.509999999999999942e-06
2.129999999999999935e-06
2.990000000000000172e-06
4.199999999999999598e-06
5.900000000000000262e-06
8.290000000000000250e-06
1.165000000000000027e-05
1.637000000000000082e-05
2.300000000000000002e-05
3.232000000000000226e-05
4.541000000000000060e-05
6.380000000000000580e-05
8.962999999999999396e-05
1.259400000000000038e-04
1.769399999999999966e-04
2.486000000000000254e-04
3.492699999999999950e-04
4.907200000000000450e-04
6.894400000000000398e-04
9.686200000000000062e-04
1.360840000000000096e-03
1.911829999999999996e-03
2.685819999999999787e-03
3.772999999999999878e-03
5.299919999999999631e-03
7.444130000000000191e-03
1.045454999999999995e-02
1.467984999999999950e-02
2.060785999999999868e-02
2.891992999999999994e-02
4.056537000000000337e-02
5.686241999999999686e-02
7.963288000000000311e-02
1.113777499999999976e-01
1.554981400000000069e-01
2.165582299999999905e-01
3.005690899999999832e-01
4.152392699999999937e-01
6.198930999999999747e-01
7.117216899999999624e-01
1.190534710000000107e+00
1.319194949999999977e+00
1.853456830000000055e+00
2.171282919999999894e+00
2.913134209999999946e+00
3.730187780000000064e+00
4.091013069999999807e+00
4.966137329999999572e+00
5.532453679999999707e+00
6.121160070000000175e+00
6.976595460000000415e+00
7.232992969999999744e+00
7.795890639999999649e+00
8.285259710000000055e+00
8.776006609999999597e+00
8.955811000000000632e+00
9.239241740000000647e+00
9.278787449999999382e+00
9.308602199999999272e+00
9.747947879999999898e+00
9.654388889999999890e+00
9.970233710000000471e+00
9.930199919999999736e+00
9.710819490000000442e+00
1.007864353999999985e+01
9.987012910000000687e+00
1.011845002999999998e+01
1.002866713999999959e+01
9.954734439999999296e+00
9.997500459999999478e+00
9.834060020000000790e+00
1.001204996999999963e+01
1.000506458000000087e+01
1.014360880999999992e+01
9.932091279999999855e+00
9.866582420000000297e+00
1.014778607999999949e+01
1.012004997000000017e+01
1.018841373999999966e+01
9.934107729999999137e+00
1.014119849999999978e+01
1.003264494000000084e+01
1.003692354999999914e+01
9.900380860000000283e+00
1.005019137000000029e+01
1.004071146999999975e+01
1.016265188000000030e+01
1.010333849999999956e+01
1.018659442000000048e+01
1.004197513999999991e+01
1.003732141000000055e+01
1.012631434000000041e+01
1.009966222000000080e+01
9.759734910000000596e+00
9.771684419999999704e+00
9.297753699999999455e+00
9.740715760000000500e+00
9.186219649999999959e+00
9.731972409999999130e+00
8.860299799999999948e+00
8.644212050000000147e+00
9.123172719999999458e+00
8.484261610000000786e+00
7.950341599999999787e+00
8.157505649999999164e+00
7.732753719999999831e+00
6.834000750000000401e+00
6.593951800000000141e+00
5.888862450000000415e+00
5.718752420000000392e+00
5.077385500000000107e+00
4.187413389999999680e+00
3.580161819999999828e+00
2.976726789999999845e+00
2.429540160000000171e+00
1.532720649999999907e+00
1.347161870000000095e+00
6.424385500000000526e-01
1.276688800000000124e-01
1.351748500000000131e-01
6.142228999999999745e-02
3.182138199999999806e-01
1.768162899999999871e-01
1.567389700000000052e-01
9.887604999999999311e-02
1.744103599999999865e-01
3.201516099999999754e-01
3.315492299999999726e-01
-3.809594900000000117e-01
-2.314660000000000068e-03
3.384652200000000111e-01
-2.119057500000000038e-01
3.153856400000000226e-01
2.595864199999999844e-01
2.161250799999999972e-01
2.515432100000000171e-01
-1.040219599999999966e-01
3.545816000000000245e-02
8.179588000000000136e-02
4.688486000000000042e-02
-7.732550000000000534e-02
4.845333000000000279e-02
1.517286999999999976e-02
-8.445384999999999698e-02
-2.674079000000000039e-02
-2.328811000000000075e-02
5.252934000000000075e-02
5.293926000000000187e-02
-5.233481999999999718e-02
-9.809895000000000420e-02
-3.902246999999999660e-02
-6.872379000000000682e-02
2.510391000000000011e-02
8.489781999999999884e-02
-2.397026000000000018e-02
-1.367894000000000054e-02
5.848972999999999672e-02
7.480552000000000035e-02
9.769733999999999363e-02
-1.939476000000000047e-02
-6.220011000000000290e-02
6.720300000000000015e-04
6.742383999999999877e-02
9.901812000000000114e-02
1.976395999999999986e-01
1.627970300000000092e-01
2.849500300000000208e-01
3.302124200000000065e-01
3.219294799999999901e-01
6.557425099999999452e-01
7.823326999999999920e-01
9.738060800000000183e-01
1.318791100000000105e+00
1.831877760000000022e+00
2.210045150000000014e+00
2.874766970000000033e+00
3.485524770000000050e+00
4.192867760000000388e+00
4.864382909999999782e+00
5.519907169999999752e+00
6.205329869999999914e+00
6.695484869999999589e+00
7.312603539999999569e+00
7.748036449999999853e+00
8.075943280000000613e+00
8.440379899999999935e+00
8.752773660000000788e+00
9.032661779999999752e+00
8.917923999999999296e+00
9.543085180000000278e+00
9.805598249999999183e+00
9.272244900000000456e+00
9.646576930000000161e+00
9.832938260000000597e+00
9.764081120000000169e+00
9.871378310000000766e+00
9.964944049999999720e+00
9.758264430000000544e+00
1.017781161999999995e+01
9.770423779999999780e+00
9.584325370000000177e+00
9.706019720000000461e+00
9.998239070000000339e+00
9.752964509999999976e+00
1.021789728000000075e+01
9.847810859999999167e+00
9.660923370000000787e+00
9.639683850000000831e+00
9.964525589999999156e+00
1.031526958000000072e+01
1.032406534999999970e+01
1.029334530999999942e+01
1.027415348999999978e+01
9.633990530000000163e+00
9.641527540000000229e+00
9.968152169999999757e+00
1.033800040999999936e+01
1.016823401999999987e+01
1.019042692000000017e+01
9.749434660000000363e+00
9.969794789999999907e+00
9.980244029999999711e+00
1.019243917000000010e+01
9.621672139999999374e+00
1.015998805999999988e+01
9.739034710000000317e+00
9.705461290000000574e+00
9.645942070000000257e+00
1.016926815000000062e+01
1.034288704999999986e+01
1.036404495000000026e+01
9.684467010000000542e+00
9.842126959999999869e+00
9.933239759999999308e+00
1.027782690999999993e+01
9.643325869999999966e+00
9.752640579999999559e+00
1.005465964999999962e+01
1.001394982000000056e+01
9.976592020000000005e+00
9.942415110000000666e+00
1.005655870000000007e+01
9.654664099999999749e+00
9.838319300000000212e+00
9.639039269999999604e+00
9.580903819999999627e+00
9.528394009999999525e+00
9.325125359999999475e+00
9.355318750000000350e+00
9.376727900000000560e+00
8.844681930000000136e+00
8.983127209999999252e+00
8.505758719999999329e+00
8.166868490000000591e+00
7.683578680000000105e+00
7.630921080000000245e+00
7.272948060000000048e+00
6.384392479999999814e+00
6.013686090000000206e+00
5.396100849999999838e+00
4.866706180000000437e+00
4.336725649999999987e+00
3.745849189999999940e+00
2.602576469999999809e+00
2.003705000000000069e+00
1.376397069999999889e+00
8.684381500000000198e-01
9.828673900000000074e-01
4.613755900000000021e-01
1.273419199999999973e-01
3.988980300000000145e-01
-1.149551000000000045e-01
-9.261585999999999430e-02
-7.660704999999999598e-02
1.688991499999999979e-01
4.692037999999999764e-02
-1.236022100000000040e-01
1.373975699999999966e-01
-6.261237000000000053e-02
-3.351673000000000152e-02
3.132791000000000048e-02
1.322046100000000002e-01
1.649645600000000101e-01
-2.394722099999999909e-01
2.056299600000000005e-01
2.422454199999999891e-01
-1.838408300000000106e-01
2.280227800000000082e-01
1.785999999999999841e-05
2.508999999999999864e-05
3.525999999999999783e-05
4.953999999999999664e-05
6.959999999999999770e-05
9.778000000000000233e-05
1.373900000000000110e-04
1.930199999999999917e-04
2.711999999999999784e-04
3.810299999999999755e-04
5.353299999999999855e-04
7.521099999999999531e-04
1.056670000000000005e-03
1.484539999999999905e-03
2.085599999999999954e-03
2.929919999999999920e-03
4.115839999999999950e-03
5.781389999999999967e-03
8.120169999999999472e-03
1.140353000000000026e-02
1.601150999999999963e-02
2.247557000000000027e-02
3.153759999999999897e-02
4.423051000000000066e-02
6.198706999999999828e-02
8.678442999999999574e-02
1.213310499999999958e-01
1.692992799999999964e-01
2.355965899999999946e-01
3.266478400000000226e-01
4.506226500000000135e-01
6.174832799999999677e-01
8.386555599999999666e-01
1.126072919999999922e+00
1.490386479999999958e+00
1.938375289999999973e+00
2.470064090000000157e+00
3.076578440000000025e+00
3.739902480000000029e+00
4.435093499999999800e+00
5.134368979999999638e+00
5.811602129999999811e+00
6.445763099999999746e+00
7.022580099999999881e+00
7.534535209999999594e+00
7.979781080000000415e+00
8.360617239999999839e+00
8.681986159999999231e+00
8.950227999999999184e+00
9.172166799999999398e+00
8.867313969999999657e+00
9.017495370000000676e+00
9.533288380000000117e+00
9.055018940000000072e+00
8.452121659999999537e+00
7.957139200000000301e+00
7.801779569999999886e+00
7.474521979999999566e+00
6.910980760000000167e+00
6.266925360000000111e+00
5.760357680000000258e+00
5.628679939999999604e+00
4.911522370000000137e+00
3.985665009999999953e+00
3.306047239999999832e+00
2.904108900000000215e+00
1.831009279999999961e+00
1.200569720000000062e+00
1.315223650000000077e+00
1.034997600000000073e+00
8.700436900000000362e-01
3.555931900000000034e-01
7.125835900000000445e-01
-2.710455299999999790e-01
-4.809038600000000163e-01
-3.653746600000000178e-01
4.140333400000000275e-01
-4.083232900000000054e-01
4.878873499999999974e-01
3.734197300000000053e-01
-1.151850999999999917e-02
-5.074035999999999824e-02
-1.402404399999999940e-01
-4.767140200000000161e-01
1.121971199999999974e-01
3.746434399999999942e-01
-8.759641999999999429e-02
-1.208304999999999935e-01
2.163477999999999929e-02
4.157769199999999943e-01
-2.694784000000000068e-02
2.635170000000000012e-01
-1.867274399999999945e-01
-8.362261999999999473e-02
4.552768400000000160e-01
-2.029086200000000118e-01
-3.148571900000000090e-01
-3.619672800000000024e-01
-1.196840799999999982e-01
2.783912800000000187e-01
-2.954925199999999808e-01
1.617916100000000024e-01
2.254836799999999919e-01
-3.404180000000000140e-03
-3.364090499999999873e-01
-2.675612299999999832e-01
-8.117217999999999656e-02
-7.810403000000000484e-02
1.122409000000000080e-02
-3.619948800000000189e-01
-3.535380300000000031e-01
1.898843000000000059e-01
-2.600391200000000125e-01
-3.166116700000000117e-01
-7.448905000000000109e-02
2.261455400000000060e-01
6.287062999999999680e-02
-2.058870800000000001e-01
-2.787515999999999883e-01
3.033662699999999934e-01
-3.915708399999999756e-01
1.153354000000000011e-02
2.233005399999999918e-01
2.307965800000000012e-01
1.781181799999999871e-01
-3.580711699999999942e-01
3.860984700000000269e-01
-2.782223799999999914e-01
1.973840600000000001e-01
2.826233799999999796e-01
2.953617800000000182e-01
7.694209999999999938e-02
1.080094699999999963e-01
-1.622141699999999909e-01
-3.194800500000000154e-01
3.455328799999999867e-01
1.734147600000000011e-01
-1.544337000000000071e-01
3.578642100000000159e-01
-7.268884000000000456e-02
-8.805398999999999865e-02
4.848829000000000333e-02
2.831895899999999910e-01
4.288712800000000214e-01
3.454092000000000273e-02
9.530940999999999719e-02
1.576789200000000002e-01
6.304512899999999975e-01
4.216399599999999803e-01
7.444577199999999895e-01
1.633008100000000073e+00
1.875346919999999917e+00
2.084147070000000213e+00
2.697580120000000026e+00
3.661796990000000029e+00
4.120724870000000095e+00
5.084033739999999746e+00
5.150626439999999917e+00
5.826130570000000120e+00
6.480531509999999606e+00
7.639789419999999609e+00
8.051009880000000507e+00
8.579478950000000381e+00
8.753330630000000667e+00
9.009957440000000872e+00
9.336915890000000218e+00
9.209716719999999412e+00
9.827419889999999825e+00
9.430718419999999824e+00
9.542688110000000279e+00
9.529400380000000226e+00
1.005528574999999947e+01
9.689026289999999264e+00
9.932193910000000514e+00
9.988492969999999360e+00
9.729938999999999893e+00
9.943966180000000321e+00
9.906761100000000653e+00
9.743554919999999342e+00
9.728049070000000853e+00
9.962700099999999281e+00
9.691662570000000088e+00
1.028443786999999965e+01
9.830823029999999463e+00
1.025604082000000083e+01
9.952724710000000030e+00
9.672734619999999950e+00
9.665396460000000189e+00
1.021608181000000037e+01
1.005948453000000065e+01
9.923221780000000436e+00
9.981982809999999873e+00
9.730795390000000822e+00
1.028995727999999943e+01
1.032664019000000089e+01
9.944987619999999140e+00
9.718051329999999766e+00
1.015798895000000002e+01
1.035477543999999916e+01
1.028426147999999962e+01
1.000000000000000000e+01
9.974999999999999645e+00
9.945037550000000337e+00
9.909144239999999826e+00
9.866170099999999721e+00
9.814752849999999640e+00
9.753283509999999268e+00
9.679868759999999739e+00
9.592290690000000453e+00
9.487965929999999659e+00
9.363906650000000553e+00
9.216688279999999622e+00
9.042430870000000454e+00
8.836804669999999362e+00
8.595075129999999675e+00
8.312208419999999265e+00
7.983066220000000435e+00
7.602726200000000212e+00
7.166971949999999758e+00
6.672997729999999628e+00
6.120362769999999841e+00
5.512192029999999576e+00
4.856535280000000121e+00
4.167640210000000067e+00
3.466658770000000001e+00
2.781048549999999953e+00
2.141855749999999947e+00
1.578556569999999937e+00
1.112486579999999892e+00
7.515844499999999595e-01
4.894867700000000155e-01
3.096321599999999896e-01
1.917170500000000000e-01
1.169748000000000038e-01
7.068876000000000326e-02
4.245924000000000226e-02
2.540776000000000145e-02
1.516944999999999925e-02
9.044319999999999790e-03
5.387949999999999857e-03
3.208170000000000206e-03
1.909689999999999912e-03
1.136560000000000001e-03
6.763599999999999821e-04
4.024699999999999870e-04
2.394800000000000043e-04
1.424999999999999943e-04
8.479000000000000642e-05
5.044999999999999978e-05
3.002000000000000057e-05
4.743318599999999940e-01
-1.154429800000000006e-01
2.768372399999999844e-01
-5.305382199999999493e-01
3.712863100000000083e-01
-3.673132100000000011e-01
-4.783517700000000095e-01
-1.412035899999999899e-01
4.226360699999999748e-01
-3.702114200000000133e-01
3.864630199999999904e-01
1.661060199999999931e-01
-2.043197099999999877e-01
3.589138700000000237e-01
4.037014500000000172e-01
2.904660099999999967e-01
-1.282154000000000071e-01
-5.703894499999999645e-01
2.543176699999999957e-01
2.185833399999999871e-01
5.852582699999999694e-01
2.216282499999999989e-01
2.984609999999999763e-01
9.689042000000000487e-02
2.744027199999999889e-01
-6.481320999999999610e-02
-3.291185400000000150e-01
2.022967999999999988e-02
5.295467299999999655e-01
3.135392200000000074e-01
-1.926485000000000003e-02
1.630957000000000101e-01
1.288574579999999914e+00
5.773549599999999726e-01
1.292088179999999920e+00
2.534076540000000044e+00
2.805865949999999831e+00
3.651786079999999934e+00
3.588303869999999840e+00
4.814854069999999986e+00
4.722439040000000254e+00
5.614879020000000054e+00
6.623765630000000293e+00
6.435977740000000225e+00
8.088591539999999469e+00
7.586048029999999720e+00
8.804896799999999857e+00
9.104283990000000770e+00
9.443264810000000509e+00
9.615350680000000594e+00
9.204997049999999348e+00
9.575723229999999475e+00
9.495891860000000406e+00
9.651254079999999291e+00
9.839950209999999586e+00
9.778968569999999971e+00
9.831150790000000583e+00
1.004470564000000010e+01
1.016045493999999927e+01
9.845043809999999951e+00
1.001834822000000003e+01
9.909725079999999409e+00
9.992321869999999606e+00
1.009427555000000076e+01
9.833007489999999962e+00
9.832823949999999869e+00
9.820988209999999441e+00
9.962724259999999887e+00
1.002524601000000004e+01
1.017626757000000026e+01
9.852703580000000017e+00
1.004514806999999976e+01
9.981234089999999171e+00
9.810550890000000024e+00
1.004067687000000042e+01
1.007119184999999995e+01
9.814988550000000700e+00
1.000764030000000027e+01
1.001116940000000000e+01
9.930945960000000738e+00
1.014753761999999959e+01
9.998660290000000117e+00
1.003688172999999928e+01
1.012663019999999925e+01
9.937366069999999496e+00
1.019634087000000022e+01
1.003640101999999956e+01
9.909334440000000299e+00
9.957125279999999634e+00
1.016401193999999997e+01
9.807202249999999566e+00
9.828988940000000341e+00
1.000884933000000032e+01
1.001551096999999935e+01
1.014981125999999989e+01
9.897803319999999516e+00
1.003199870999999987e+01
1.009868780000000044e+01
9.846035199999999321e+00
9.838961610000000135e+00
9.931005109999999192e+00
1.005811970999999971e+01
1.020345490999999960e+01
1.001083588999999918e+01
1.005159113999999931e+01
9.779394650000000411e+00
9.982972359999999767e+00
9.954491839999999314e+00
9.598300319999999886e+00
9.566312410000000099e+00
9.611409749999999974e+00
9.362047900000000311e+00
8.866789360000000286e+00
8.764920549999999366e+00
8.421083740000000262e+00
8.304557389999999373e+00
8.233663469999999762e+00
7.707972719999999889e+00
7.346989800000000237e+00
6.906693800000000216e+00
5.960487409999999819e+00
5.599648700000000368e+00
4.649371750000000247e+00
4.286477569999999737e+00
3.630585030000000213e+00
2.855030909999999977e+00
1.901668750000000019e+00
1.584020989999999962e+00
9.027005000000000168e-01
6.630554100000000117e-01
7.105605699999999469e-01
4.125797299999999779e-01
1.735026199999999963e-01
7.487966000000000066e-02
6.713603999999999405e-02
-8.210206000000000448e-02
3.025760699999999748e-01
9.551031999999999578e-02
2.421480599999999983e-01
-1.318257999999999930e-02
-2.173070000000000036e-03
-2.129645699999999919e-01
-1.088790399999999964e-01
-7.318267000000000522e-02
8.665351999999999777e-02
-1.311515600000000004e-01
2.148533699999999880e-01
1.245357500000000006e-01
-2.153585100000000030e-01
1.386647900000000100e-01
-3.814069999999999960e-02
7.425990999999999842e-02
3.727178999999999909e-02
7.424799999999999456e-02
-4.137078000000000283e-02
-8.081428999999999696e-02
7.143674999999999331e-02
-7.294340000000000546e-02
-8.749769999999999770e-02
9.620333999999999830e-02
-9.128598999999999741e-02
7.443225000000000535e-02
8.707468000000000152e-02
3.610839999999999883e-02
-1.562209999999999988e-02
3.660097999999999824e-02
8.197769000000000583e-02
-7.776102000000000014e-02
1.016980400000000034e-01
6.131422999999999734e-02
6.274693000000000631e-02
1.586357000000000045e-02
9.731823000000000556e-02
3.784759999999999860e-03
1.526602200000000131e-01
-1.626770000000000039e-03
1.443263200000000079e-01
1.535495799999999911e-01
3.173853200000000263e-01
3.250415199999999727e-01
5.494113900000000550e-01
6.569102300000000394e-01
8.700715399999999766e-01
1.285404669999999916e+00
1.557384939999999940e+00
2.063532949999999921e+00
2.755426930000000052e+00
3.371999839999999971e+00
4.021792330000000248e+00
4.750342179999999637e+00
5.384094420000000270e+00
6.057972709999999594e+00
6.813372519999999710e+00
7.262277659999999635e+00
7.741902310000000398e+00
8.252588429999999420e+00
8.459080760000000865e+00
8.881070590000000209e+00
8.996415750000000600e+00
9.309036380000000221e+00
9.359762950000000359e+00
9.287423450000000358e+00
9.219573110000000682e+00
9.041379349999999704e+00
8.714773250000000360e+00
8.522831930000000611e+00
8.161448710000000162e+00
7.830859270000000372e+00
7.536831069999999855e+00
7.000568920000000084e+00
6.386985560000000284e+00
5.980931580000000025e+00
5.268440219999999563e+00
4.689924200000000098e+00
3.984439089999999961e+00
3.124040770000000133e+00
2.558321450000000219e+00
1.973089780000000015e+00
1.298013370000000055e+00
9.875820299999999996e-01
7.029827899999999685e-01
4.399116000000000137e-01
3.044988299999999981e-01
1.330054800000000093e-01
1.197854200000000036e-01
-7.368279999999999622e-03
5.548254999999999854e-02
-7.910659000000000440e-02
-6.547118000000000382e-02
3.367064000000000168e-02
3.427563000000000137e-02
6.186824999999999963e-02
8.000570999999999378e-02
-1.362389999999999999e-03
-9.376603999999999495e-02
-5.632273000000000140e-02
1.525052999999999999e-02
3.657148999999999817e-02
-9.789739999999999900e-03
9.258212999999999859e-02
5.547658999999999924e-02
-2.839047000000000098e-02
-1.767861000000000085e-02
-3.853099999999999928e-03
9.356251999999999625e-02
-7.955706999999999363e-02
1.838220000000000002e-03
4.864281000000000160e-02
-6.862321000000000393e-02
8.269695999999999991e-02
-4.200899999999999773e-02
-4.997025000000000078e-02
1.951369000000000020e-02
-2.173413000000000081e-02
-7.549603000000000563e-02
-2.885118999999999878e-02
1.803097000000000033e-02
-6.502123999999999404e-02
5.821412000000000114e-02
5.840863000000000305e-02
-7.706020000000000057e-03
7.393075999999999814e-02
1.732927999999999899e-02
-6.207301999999999959e-02
2.416960000000000115e-03
-1.058241000000000043e-02
2.430892999999999943e-02
7.651122000000000478e-02
2.950024000000000049e-02
5.194870000000000043e-02
-1.830276000000000125e-02
-2.164527999999999938e-02
9.661533999999999400e-02
-1.496523999999999945e-02
-1.367375000000000014e-02
-4.180868000000000084e-02
3.317181000000000296e-02
-1.267784999999999919e-02
4.075324000000000307e-02
7.889548999999999868e-02
-7.668966000000000671e-02
1.669500999999999971e-02
6.877302999999999888e-02
1.108947000000000058e-02
2.771445000000000158e-02
-7.532460000000000371e-03
-4.388563999999999660e-02
6.621225000000000027e-02
3.793276000000000286e-02
1.071997900000000031e-01
1.286479399999999884e-01
2.508930300000000169e-01
2.964005299999999954e-01
2.359205099999999999e-01
3.476314999999999822e-01
5.323836299999999966e-01
7.999041900000000149e-01
1.094593890000000069e+00
1.411267660000000035e+00
1.897192470000000020e+00
2.552308280000000096e+00
3.065386730000000171e+00
3.769500649999999897e+00
4.312741869999999977e+00
5.169735679999999611e+00
5.601029170000000335e+00
6.414563140000000274e+00
6.942148610000000275e+00
7.267009559999999979e+00
7.776013370000000258e+00
8.218731599999999915e+00
8.667292550000000873e+00
8.864460420000000340e+00
9.196479240000000388e+00
9.113083800000000068e+00
9.355192009999999669e+00
9.371111920000000595e+00
9.545542700000000380e+00
9.667717389999999966e+00
9.949489099999999198e+00
9.865160559999999634e+00
9.899372720000000569e+00
9.856620810000000787e+00
1.007579647000000023e+01
9.980814000000000519e+00
1.002069031000000088e+01
9.916292459999999309e+00
9.961480160000000694e+00
9.941932059999999183e+00
9.840668700000000158e+00
9.897070669999999737e+00
9.809109049999999996e+00
1.001850935999999948e+01
1.000852010999999919e+01
9.807680449999999439e+00
9.867469699999999122e+00
1.011502182000000083e+01
9.991995449999999224e+00
1.005122339999999959e+01
9.828497190000000217e+00
9.801223159999999268e+00
1.002860588999999969e+01
9.822905499999999179e+00
9.821930059999999685e+00
1.019413381999999935e+01
1.004494191000000036e+01
9.973343659999999389e+00
1.017161620000000077e+01
1.006389075999999960e+01
9.864312169999999824e+00
1.023821796000000006e+01
9.651344919999999661e+00
1.007745663999999941e+01
1.013557418999999982e+01
9.866012219999999999e+00
9.890427609999999703e+00
1.038048496000000043e+01
1.004528859000000018e+01
9.796453140000000559e+00
1.015557618999999967e+01
1.014005968999999929e+01
1.009125839999999918e+01
1.022775324999999924e+01
1.004799028999999955e+01
1.029217897999999920e+01
1.037601225999999954e+01
9.786463389999999762e+00
9.849096049999999991e+00
1.004989832999999955e+01
9.809840290000000351e+00
9.703259320000000798e+00
9.752164479999999358e+00
1.022020915000000052e+01
1.037924130000000034e+01
9.697227870000000749e+00
1.014829323999999922e+01
1.022975064000000067e+01
1.033129534000000049e+01
1.003410625999999972e+01
1.019623413999999961e+01
9.678066940000000784e+00
1.011022189000000004e+01
1.003602423999999971e+01
9.763804529999999815e+00
1.036108665999999978e+01
1.030294810000000005e+01
1.026417097999999939e+01
9.999345849999999203e+00
9.936667330000000575e+00
9.870256129999999573e+00
1.036887895999999998e+01
9.676194990000000828e+00
9.639846509999999924e+00
1.032305378000000040e+01
9.735479409999999945e+00
9.675516860000000108e+00
1.019321112000000085e+01
9.845139850000000692e+00
9.810385820000000479e+00
1.011499588999999943e+01
9.901158750000000452e+00
1.002165843999999950e+01
1.003376246000000016e+01
9.848146440000000723e+00
9.819739719999999394e+00
9.742261839999999395e+00
9.851312789999999708e+00
9.748992050000000020e+00
9.651103179999999782e+00
9.564110149999999422e+00
9.449158249999999981e+00
9.251555189999999484e+00
8.951529850000000010e+00
8.909983179999999336e+00
8.656767119999999593e+00
8.347051869999999596e+00
7.977492370000000221e+00
7.572963979999999928e+00
7.116326280000000004e+00
6.641165670000000354e+00
6.044237869999999901e+00
5.426764969999999799e+00
4.812565140000000241e+00
4.098298459999999643e+00
3.552061329999999906e+00
2.847149420000000042e+00
2.225454989999999800e+00
1.675742370000000037e+00
1.079199880000000000e+00
7.475045700000000348e-01
5.251892099999999619e-01
2.127977799999999919e-01
1.985874199999999867e-01
5.281879999999999908e-02
1.135137699999999999e-01
-4.001339999999999932e-03
-6.402470999999999857e-02
-5.324977999999999656e-02
5.499918000000000168e-02
-4.086577000000000265e-02
-3.770989999999999759e-02
-5.011859999999999926e-03
4.345372000000000123e-02
6.550931999999999589e-02
3.026939000000000018e-02
-5.094840999999999953e-02
9.978120000000000045e-02
-2.756673999999999930e-02
-3.532793000000000044e-02
8.484402000000000610e-02
6.645456800000000275e-01
6.077187200000000455e-01
2.281060699999999941e-01
4.792071600000000209e-01
-6.895893800000000295e-01
-2.924614200000000275e-01
-6.593280900000000333e-01
5.611228799999999906e-01
6.211179700000000192e-01
-4.360831700000000200e-01
5.132119800000000120e-01
6.123662800000000406e-01
1.498477900000000085e-01
-6.462664299999999473e-01
6.575027599999999639e-01
5.216611799999999466e-01
-5.802965700000000115e-01
1.451810400000000112e-01
4.931429900000000033e-01
5.457723700000000067e-01
2.446373699999999929e-01
3.668280899999999956e-01
5.692428299999999775e-01
-4.317116300000000129e-01
-1.147633599999999948e-01
-1.090443900000000049e-01
2.549509000000000150e-02
-2.111395699999999986e-01
4.058562099999999950e-01
4.268989999999999729e-01
1.858330099999999929e-01
1.199125899999999995e-01
1.437934449999999975e+00
1.721788050000000014e+00
2.129182109999999906e+00
1.758436120000000047e+00
2.253057200000000204e+00
2.607887859999999947e+00
3.967802750000000156e+00
3.949492960000000163e+00
5.174498589999999787e+00
6.399414830000000443e+00
6.118381669999999772e+00
6.967359459999999949e+00
7.095327479999999909e+00
7.348503059999999643e+00
8.048060469999999356e+00
9.256051579999999390e+00
8.785194649999999328e+00
8.701274740000000563e+00
9.608794220000000053e+00
9.921548969999999912e+00
9.556881799999999316e+00
9.661375389999999896e+00
1.011301828999999941e+01
9.658319380000000010e+00
1.042239340000000070e+01
9.999256400000000156e+00
9.617106559999999860e+00
1.030934695000000012e+01
9.567621329999999702e+00
9.701951740000000157e+00
1.037846775000000044e+01
1.046225098000000031e+01
1.009260369000000068e+01
1.013966667999999949e+01
9.944219430000000415e+00
1.027535415000000008e+01
9.796681369999999944e+00
9.989042969999999855e+00
1.016857852999999956e+01
9.670391289999999529e+00
9.983733429999999132e+00
1.010449627000000028e+01
1.047530989000000012e+01
1.036121168999999931e+01
9.849894049999999623e+00
1.041899461000000038e+01
9.850068430000000319e+00
9.512429759999999845e+00
9.515004859999999454e+00
1.024257485999999950e+01
9.587361089999999919e+00
1.034556214999999924e+01
9.655882209999999688e+00
1.047104180999999912e+01
1.008457547000000076e+01
9.843573920000000754e+00
9.559831589999999935e+00
1.005468214999999965e+01
1.035487093999999964e+01
9.645732810000000157e+00
9.902790500000000051e+00
9.894134440000000197e+00
1.010421651999999959e+01
1.034441819000000073e+01
1.014225023000000014e+01
9.566578549999999126e+00
9.733885080000000301e+00
1.000395098000000083e+01
1.025758569000000087e+01
1.005795295999999972e+01
1.018338458999999929e+01
1.005350497000000054e+01
9.752745909999999796e+00
9.605069410000000474e+00
9.698284810000000533e+00
9.817853960000000768e+00
9.489261559999999207e+00
9.510252400000000605e+00
9.645728869999999233e+00
9.258031989999999212e+00
9.304670059999999410e+00
8.717244730000000885e+00
8.800336200000000275e+00
8.247138400000000757e+00
8.086005119999999380e+00
7.476029839999999815e+00
6.963152189999999742e+00
6.909993009999999991e+00
6.361785750000000128e+00
5.544331760000000386e+00
5.106853179999999881e+00
4.053425139999999871e+00
3.211055009999999932e+00
2.581335399999999947e+00
1.974666440000000023e+00
1.512490829999999953e+00
1.308514299999999908e+00
9.669867500000000060e-01
4.719393800000000194e-01
5.984153999999999862e-02
9.851039999999999797e-02
1.441948100000000066e-01
3.555779800000000157e-01
6.005117000000000094e-02
-2.269410799999999895e-01
-2.263960499999999876e-01
1.384921299999999911e-01
-9.766318000000000221e-02
-2.193736299999999861e-01
-7.265591999999999884e-02
2.646197699999999764e-01
2.367041599999999968e-01
-9.097457000000000460e-02
6.277557000000000276e-02
7.551183000000000201e-02
1.556446900000000022e-01
4.257626999999999939e-02
-2.560196399999999928e-01
-2.832975000000000076e-02
-2.987578999999999929e-02
6.851674000000000653e-02
2.354795000000000152e-02
-1.779535999999999965e-02
6.290561999999999543e-02
-7.396724999999999828e-02
-8.618415000000000104e-02
-2.572986999999999844e-02
-1.466550999999999966e-02
-3.034622999999999834e-02
-8.047129000000000087e-02
-8.552527000000000046e-02
9.584291999999999812e-02
-7.153294999999999793e-02
-1.692648000000000069e-02
-5.529306999999999972e-02
3.185908999999999963e-02
6.470294000000000045e-02
8.806373000000000673e-02
7.989034000000000413e-02
-3.812883999999999718e-02
3.864110000000000027e-03
5.707759999999999917e-02
1.435536099999999982e-01
8.499553999999999443e-02
1.140069799999999939e-01
1.277665600000000012e-01
2.727333000000000118e-01
4.170571499999999876e-01
3.983395499999999867e-01
6.412571099999999635e-01
8.280389099999999614e-01
1.199910059999999890e+00
1.451815330000000070e+00
1.889413529999999897e+00
2.408344210000000096e+00
2.989837919999999816e+00
3.753872330000000090e+00
4.345801540000000074e+00
5.138687420000000117e+00
5.736639580000000294e+00
6.520532900000000076e+00
6.956299160000000370e+00
7.509013519999999886e+00
7.914838920000000222e+00
8.424058929999999279e+00
8.617607960000000844e+00
8.989432880000000736e+00
9.097216339999999235e+00
9.501019489999999124e+00
9.979979750000000038e+00
9.466461309999999685e+00
9.819461860000000542e+00
9.399921589999999938e+00
9.518293480000000528e+00
9.739100260000000731e+00
1.019751113000000053e+01
9.813340260000000370e+00
1.017156100000000052e+01
1.008880712000000024e+01
9.798085860000000480e+00
1.026669801000000071e+01
9.551708319999999475e+00
1.033851714000000044e+01
1.000176049000000056e+01
1.027205295000000085e+01
1.017941770999999918e+01
9.658573080000000033e+00
1.018489560000000083e+01
9.803494770000000358e+00
1.027189622999999941e+01
9.992708049999999176e+00
9.864626610000000184e+00
1.039248541999999986e+01
1.034483949000000003e+01
1.025523504000000052e+01
1.041062980000000060e+01
9.946999970000000246e+00
9.648282010000000852e+00
1.019477235999999998e+01
9.812111939999999422e+00
1.019382799999999989e+01
1.039192652999999922e+01
1.047601197000000006e+01
1.017022022999999997e+01
1.017171242999999947e+01
1.017271444000000002e+01
1.010696335999999995e+01
9.919822849999999193e+00
9.901235679999999206e+00
9.612520930000000519e+00
1.003462876000000037e+01
1.040717931999999912e+01
9.641686580000000006e+00
1.012226959000000015e+01
1.029077758000000031e+01
1.006806360999999939e+01
1.030241902000000032e+01
9.718928990000000212e+00
9.824008510000000527e+00
1.018681961000000058e+01
1.017450254000000065e+01
9.922594880000000117e+00
1.018824258999999977e+01
9.896848609999999269e+00
1.017980649999999976e+01
9.959894520000000639e+00
9.899589640000000301e+00
9.937838810000000578e+00
1.006422595999999992e+01
9.963619960000000830e+00
1.006412083999999929e+01
1.013155221000000061e+01
9.982962249999999926e+00
9.985324800000000778e+00
9.920080370000000869e+00
1.002856234000000057e+01
9.825272710000000131e+00
1.013401784999999933e+01
1.016673983999999997e+01
9.921477349999999973e+00
9.900052920000000256e+00
1.002917539000000069e+01
1.003097087999999992e+01
9.963338050000000834e+00
9.936147139999999212e+00
1.002580548999999976e+01
9.812101970000000506e+00
9.847623540000000730e+00
1.003144787999999998e+01
1.010910160000000069e+01
9.955890249999999497e+00
9.896035760000000181e+00
1.015153865000000089e+01
9.824090480000000625e+00
1.011596340000000005e+01
1.006334816999999937e+01
9.932007170000000329e+00
1.001483426000000065e+01
9.923241859999999193e+00
9.925848919999999964e+00
9.893562230000000568e+00
1.019195123999999986e+01
9.853787369999999157e+00
9.800496199999999547e+00
1.013354975999999930e+01
1.006267637999999920e+01
1.019069310999999978e+01
1.005799060000000011e+01
9.998068480000000591e+00
9.928972710000000035e+00
1.007176431000000072e+01
9.977265040000000695e+00
9.961084359999999194e+00
1.000451185000000009e+01
9.912369430000000037e+00
1.009719343000000080e+01
9.974423540000000088e+00
1.000682235999999925e+01
9.919576590000000138e+00
9.927939229999999782e+00
1.008392616999999980e+01
9.925234299999999621e+00
1.004411771000000009e+01
1.007712169999999929e+01
9.944200869999999526e+00
9.965614199999999201e+00
1.009895730000000036e+01
1.007251699000000045e+01
1.008642204000000042e+01
9.926433879999999377e+00
9.905551770000000644e+00
1.002038794999999993e+01
1.002592321999999925e+01
1.009419371999999981e+01
1.007299354999999963e+01
9.963337499999999736e+00
9.945488660000000536e+00
1.001500281999999942e+01
1.006202013999999956e+01
9.952004219999999179e+00
1.000490158999999935e+01
9.938142709999999269e+00
1.001339697000000051e+01
1.005445993999999921e+01
1.009855392999999957e+01
9.993344340000000159e+00
9.985583809999999616e+00
9.984403770000000122e+00
1.009390130000000063e+01
9.988046159999999674e+00
1.007886680999999918e+01
9.975881929999999898e+00
9.904352109999999598e+00
9.974622860000000202e+00
1.003770744000000015e+01
9.916706109999999796e+00
1.002024785999999956e+01
1.009416517000000013e+01
9.926980209999999971e+00
1.035658877000000011e+01
9.756905550000000815e+00
9.615258400000000094e+00
1.014997901999999996e+01
9.873028010000000521e+00
1.002086006000000040e+01
9.805296670000000603e+00
9.553555610000000087e+00
9.185069410000000545e+00
8.964100650000000670e+00
8.828918749999999704e+00
9.070857450000000100e+00
8.876099480000000597e+00
8.455449480000000406e+00
8.583611839999999660e+00
7.842731439999999665e+00
7.554569709999999993e+00
7.520302489999999729e+00
6.324486170000000129e+00
6.213407819999999582e+00
5.727447030000000439e+00
4.990764869999999576e+00
4.037695180000000050e+00
3.585053199999999940e+00
2.894295539999999889e+00
2.255623459999999803e+00
1.707054089999999968e+00
7.208202500000000512e-01
5.339308000000000387e-01
4.635407300000000119e-01
2.422269599999999912e-01
-1.097174800000000061e-01
2.877806000000000114e-02
-7.749978000000000422e-02
3.135356000000000254e-01
3.026617899999999861e-01
-3.016735199999999728e-01
-9.502742999999999607e-02
1.742050900000000069e-01
-2.959071300000000182e-01
-1.799380700000000055e-01
1.284184399999999948e-01
-3.848460699999999846e-01
-2.241529800000000017e-01
-1.378003600000000106e-01
-3.928756999999999944e-01
1.166039999999999993e-01
3.655047100000000104e-01
-3.673784099999999886e-01
8.420305999999999624e-02
-7.775398999999999505e-02
5.155524999999999691e-02
1.510915399999999964e-01
-2.152321999999999916e-02
-1.896012199999999870e-01
5.243662999999999796e-02
-3.299114999999999687e-02
-1.686814199999999986e-01
-3.487302999999999931e-02
1.967681199999999908e-01
-3.530650999999999928e-02
1.011969399999999991e-01
4.248575999999999742e-02
-9.849130999999999858e-02
-1.045562800000000014e-01
1.271442999999999879e-01
9.039526999999999979e-02
-1.895946400000000087e-01
2.008114300000000130e-01
4.698626999999999665e-02
-1.391824999999999868e-01
3.392979999999999868e-03
-1.382506599999999974e-01
1.186524000000000086e-02
2.485780900000000015e-01
-2.091726000000000002e-02
2.095398999999999873e-02
3.461186299999999827e-01
4.927363499999999896e-01
5.484121199999999474e-01
5.824299099999999951e-01
9.151651400000000436e-01
1.271922409999999948e+00
1.520224070000000038e+00
1.779438850000000016e+00
2.284690620000000116e+00
3.074716850000000168e+00
3.783803929999999927e+00
4.308641159999999637e+00
5.089344139999999683e+00
5.892683889999999813e+00
6.533487019999999923e+00
7.208412110000000261e+00
7.371692570000000444e+00
8.166969039999999680e+00
8.384829820000000211e+00
8.509061450000000804e+00
9.003079149999999586e+00
9.096600410000000636e+00
